-69 -71 -69
-69 -71 -68
-68 -71 -68
-68 -71 -68
-68 -71 -68
-68 -70 -68
-68 -70 -68
-68 -70 -68
-68 -70 -68
-68 -70 -68
-68 -70 -68
-68 -70 -68
-68 -70 -68
-68 -70 -68
-68 -70 -68
-68 -70 -68
-70 -73 -68
-72 -73 -68
-72 -71 -68
-71 -71 -68
-71 -70 -68
-72 -70 -68
-72 -70 -68
-71 -70 -68
-72 -70 -68
-72 -70 -68
-72 -70 -68
-72 -70 -68
-71 -70 -68
-71 -70 -68
-71 -70 -68
-71 -70 -68
-71 -70 -68
-71 -70 -68
-71 -70 -68
-71 -70 -68
-71 -70 -68
-71 -70 -69
-71 -70 -69
-71 -70 -69
-71 -70 -69
-71 -70 -69
-71 -70 -69
-71 -69 -69
-71 -69 -68
-71 -69 -67
-71 -69 -67
-72 -69 -67
-72 -69 -67
-71 -69 -68
-71 -69 -68
-71 -69 -67
-71 -69 -67
-71 -69 -68
-71 -69 -68
-71 -69 -68
-71 -69 -69
-71 -69 -69
-71 -69 -69
-71 -69 -69
-71 -69 -69
-71 -69 -69
-71 -69 -69
-70 -69 -68
-70 -69 -68
-70 -69 -68
-70 -69 -70
-69 -69 -72
-67 -69 -70
-69 -69 -69
-68 -69 -69
-68 -69 -68
-68 -69 -68
-68 -69 -68
-69 -69 -69
-69 -69 -70
-69 -69 -71
-69 -69 -71
-67 -69 -70
-68 -69 -70
-68 -69 -69
-68 -69 -69
-68 -69 -69
-68 -69 -69
-67 -69 -69
-68 -69 -69
-68 -69 -69
-67 -69 -69
-66 -69 -69
-67 -69 -69
-68 -70 -69
-68 -70 -69
-68 -71 -69
-68 -71 -69
-68 -71 -69
-68 -72 -69
-68 -72 -69
-67 -72 -69
-67 -72 -69
-67 -72 -69
-68 -71 -69
-67 -70 -69
-68 -70 -70
-68 -70 -71
-68 -70 -69
-67 -70 -70
-68 -69 -70
-68 -69 -69
-68 -72 -69
-65 -72 -69
-67 -71 -68
-68 -71 -70
-68 -70 -70
-66 -70 -70
-69 -70 -71
-69 -70 -72
-67 -70 -72
-67 -70 -72
-67 -70 -70
-72 -68 -70
-74 -68 -71
-72 -68 -72
-71 -68 -72
-69 -70 -72
-71 -66 -72
-73 -66 -71
-74 -67 -70
-75 -67 -70
-73 -67 -70
-70 -67 -71
-68 -66 -69
-69 -65 -67
-71 -65 -64
-71 -65 -63
-70 -65 -63
-69 -65 -63
-69 -65 -65
-69 -66 -66
-70 -67 -66
-73 -67 -65
-73 -66 -66
-71 -65 -70
-69 -65 -70
-69 -65 -68
-69 -65 -67
-69 -65 -67
-70 -66 -67
-71 -66 -67
-72 -67 -67
-73 -68 -67
-73 -69 -67
-74 -69 -67
-72 -68 -66
-71 -68 -66
-70 -67 -67
-70 -67 -68
-70 -67 -68
-72 -65 -69
-74 -66 -69
-76 -68 -70
-76 -69 -71
-75 -69 -71
-75 -71 -72
-75 -73 -71
-73 -72 -69
-75 -72 -69
-75 -71 -69
-77 -71 -69
-76 -71 -70
-74 -71 -69
-74 -71 -69
-70 -71 -71
-71 -71 -70
-69 -70 -71
-67 -70 -70
-67 -70 -71
-68 -70 -71
-69 -69 -72
-68 -69 -72
-70 -70 -70
-73 -70 -71
-73 -70 -70
-73 -72 -69
-73 -70 -68
-74 -70 -69
-74 -71 -69
-70 -70 -68
-68 -69 -69
-68 -69 -70
-68 -69 -70
-69 -69 -69
-73 -72 -67
-74 -70 -68
-72 -67 -70
-69 -66 -66
-69 -67 -70
-69 -68 -70
-69 -70 -68
-69 -70 -68
-69 -69 -68
-69 -68 -68
-71 -68 -68
-72 -68 -68
-72 -68 -67
-71 -68 -67
-71 -68 -67
-71 -68 -67
-71 -68 -67
-71 -70 -68
-71 -74 -69
-71 -73 -69
-69 -70 -69
-69 -69 -69
-69 -69 -69
-69 -70 -67
-69 -70 -67
-69 -70 -67
-68 -70 -67
-68 -71 -67
-68 -71 -67
-68 -71 -67
-68 -71 -66
-68 -70 -66
-68 -70 -66
-68 -69 -66
-69 -69 -67
-69 -68 -67
-69 -68 -66
-69 -70 -68
-69 -69 -68
-70 -68 -68
-70 -70 -68
-68 -69 -69
-67 -67 -69
-66 -68 -68
-66 -70 -68
-66 -72 -68
-68 -72 -68
-69 -72 -68
-70 -70 -68
-70 -70 -68
-72 -70 -68
-73 -70 -68
-73 -70 -67
-73 -70 -67
-71 -70 -69
-73 -70 -66
-73 -67 -69
-70 -67 -69
-68 -67 -66
-65 -68 -69
-65 -68 -67
-67 -68 -69
-66 -68 -68
-66 -71 -68
-66 -69 -68
-70 -69 -68
-70 -71 -67
-71 -70 -68
-72 -70 -67
-72 -70 -67
-69 -70 -68
-67 -69 -68
-67 -69 -68
-66 -70 -67
-65 -70 -68
-65 -68 -68
-65 -68 -66
-65 -69 -68
-66 -71 -68
-66 -71 -67
-66 -71 -67
-65 -71 -67
-66 -69 -67
-67 -69 -67
-68 -71 -67
-68 -71 -67
-68 -71 -67
-68 -70 -67
-68 -71 -67
-68 -71 -68
-67 -71 -68
-67 -70 -68
-67 -70 -67
-67 -70 -67
-67 -70 -67
-67 -70 -67
-67 -70 -67
-67 -70 -67
-67 -70 -67
-67 -70 -67
-67 -70 -67
-68 -70 -68
-70 -69 -69
-70 -69 -69
-72 -69 -68
-71 -69 -68
-69 -69 -68
-69 -69 -68
-69 -69 -68
-69 -69 -68
-69 -69 -68
-68 -69 -68
-65 -69 -68
-64 -69 -68
-63 -69 -68
-64 -68 -68
-66 -68 -69
-67 -68 -70
-68 -68 -68
-69 -68 -68
-71 -68 -70
-71 -69 -68
-72 -69 -68
-73 -69 -67
-75 -69 -68
-75 -69 -67
-75 -69 -68
-75 -70 -68
-73 -69 -68
-72 -69 -69
-72 -69 -71
-68 -69 -70
-65 -69 -69
-65 -69 -68
-65 -71 -69
-65 -70 -68
-65 -70 -68
-67 -72 -68
-65 -70 -68
-64 -70 -68
-64 -70 -68
-69 -70 -67
-67 -71 -67
-65 -70 -67
-65 -70 -66
-65 -69 -66
-66 -69 -66
-68 -69 -66
-68 -69 -66
-67 -69 -66
-67 -69 -68
-67 -70 -68
-67 -70 -68
-71 -70 -68
-74 -71 -68
-72 -71 -68
-70 -71 -68
-70 -71 -68
-67 -71 -68
-67 -71 -68
-67 -70 -68
-67 -70 -68
-67 -70 -68
-67 -70 -68
-67 -70 -68
-67 -70 -68
-67 -70 -68
-67 -70 -68
-67 -71 -68
-67 -71 -68
-69 -71 -68
-69 -70 -68
-69 -70 -68
-71 -70 -68
-70 -70 -68
-69 -71 -68
-68 -72 -68
-68 -71 -68
-68 -73 -68
-67 -74 -68
-67 -73 -68
-66 -73 -68
-65 -73 -68
-64 -72 -68
-64 -72 -68
-64 -72 -68
-65 -72 -68
-64 -71 -68
-64 -71 -68
-67 -71 -68
-69 -71 -69
-71 -71 -69
-71 -70 -69
-72 -73 -68
-69 -72 -68
-70 -72 -68
-70 -71 -68
-70 -70 -68
-73 -71 -68
-73 -70 -68
-70 -70 -68
-68 -71 -68
-67 -70 -68
-68 -72 -68
-66 -71 -68
-66 -71 -68
-71 -71 -68
-70 -71 -68
-66 -70 -68
-66 -70 -68
-68 -70 -68
-69 -70 -69
-69 -70 -69
-68 -72 -69
-72 -71 -69
-73 -71 -68
-75 -71 -68
-74 -71 -68
-70 -70 -68
-72 -70 -68
-68 -70 -68
-70 -70 -68
-71 -70 -69
-74 -70 -69
-72 -69 -69
-71 -69 -68
-72 -69 -69
-74 -69 -69
-71 -69 -68
-71 -69 -68
-69 -70 -68
-69 -70 -67
-66 -70 -68
-69 -69 -68
-68 -69 -69
-69 -69 -69
-71 -70 -68
-66 -70 -68
-67 -70 -68
-66 -70 -68
-66 -71 -68
-67 -71 -68
-68 -70 -68
-66 -70 -68
-68 -70 -68
-68 -70 -68
-68 -70 -68
-66 -70 -68
-65 -69 -68
-69 -68 -68
-69 -68 -68
-68 -68 -68
-66 -70 -68
-65 -70 -67
-65 -70 -67
-65 -68 -67
-67 -68 -67
-67 -68 -67
-67 -69 -67
-69 -69 -67
-69 -69 -67
-69 -69 -67
-69 -71 -67
-68 -70 -67
-67 -69 -67
-67 -69 -67
-67 -69 -67
-67 -70 -67
-67 -70 -67
-67 -72 -68
-68 -73 -68
-69 -74 -68
-70 -74 -68
-70 -73 -69
-70 -73 -69
-70 -74 -69
-71 -73 -69
-71 -71 -69
-70 -70 -69
-70 -69 -68
-68 -68 -68
-68 -69 -68
-68 -71 -68
-67 -70 -68
-66 -68 -68
-66 -68 -68
-67 -68 -68
-68 -69 -68
-68 -69 -68
-70 -69 -68
-69 -69 -68
-69 -70 -68
-69 -70 -68
-69 -70 -67
-67 -70 -67
-67 -70 -67
-67 -70 -67
-67 -70 -67
-69 -71 -67
-67 -71 -68
-67 -71 -68
-66 -71 -68
-68 -71 -69
-68 -71 -69
-68 -71 -69
-68 -71 -69
-68 -71 -69
-68 -71 -69
-68 -71 -69
-68 -71 -68
-68 -70 -68
-69 -71 -68
-68 -71 -68
-68 -72 -68
-68 -72 -68
-68 -72 -68
-68 -72 -68
-68 -72 -68
-68 -72 -68
-68 -72 -68
-68 -72 -68
-68 -72 -68
-68 -71 -68
-68 -70 -68
-68 -70 -68
-68 -70 -68
-68 -70 -68
-69 -70 -68
-71 -71 -68
-71 -71 -68
-71 -71 -68
-71 -71 -68
-71 -72 -68
-71 -71 -68
-71 -71 -68
-71 -71 -68
-71 -70 -68
-69 -70 -68
-69 -71 -68
-68 -70 -68
-68 -70 -68
-68 -70 -68
-68 -70 -68
-68 -70 -68
-68 -70 -68
-68 -70 -68
-69 -70 -68
-69 -70 -68
-68 -71 -68
-68 -70 -68
-68 -70 -68
-68 -69 -69
-68 -69 -69
-68 -69 -69
-68 -69 -69
-68 -69 -69
-68 -69 -69
-68 -69 -69
-68 -70 -69
-68 -70 -69
-68 -71 -69
-68 -71 -69
-68 -70 -68
-68 -70 -68
-68 -69 -68
-68 -69 -68
-68 -69 -68
-68 -69 -68
-68 -70 -69
-68 -70 -68
-68 -69 -68
-68 -69 -68
-68 -71 -68
-68 -71 -68
-68 -71 -68
-68 -70 -68
-68 -71 -68
-68 -71 -68
-68 -71 -68
-68 -71 -68
-68 -71 -68
-68 -72 -68
-68 -72 -68
-68 -70 -68
-68 -68 -68
-68 -68 -68
-68 -68 -68
-68 -69 -68
-68 -69 -68
-68 -69 -68
-68 -69 -68
-68 -70 -68
-68 -71 -68
-68 -71 -68
-68 -72 -68
-68 -73 -68
-68 -73 -68
-68 -75 -68
-68 -76 -68
-68 -77 -68
-68 -74 -68
-68 -73 -68
-68 -75 -68
-68 -74 -68
-68 -75 -68
-68 -74 -68
-68 -74 -68
-68 -75 -68
-68 -77 -68
-68 -77 -68
-68 -75 -68
-68 -74 -68
-68 -71 -68
-68 -70 -68
-68 -70 -68
-68 -70 -68
-68 -70 -68
-68 -70 -68
-68 -70 -68
-68 -70 -68
-68 -70 -68
-68 -71 -68
-68 -71 -68
-68 -70 -68
-68 -69 -68
-68 -68 -68
-68 -68 -68
-68 -69 -68
-70 -69 -68
-70 -69 -68
-70 -71 -68
-70 -72 -68
-70 -72 -68
-70 -72 -68
-70 -74 -68
-71 -76 -68
-71 -76 -68
-70 -76 -68
-70 -76 -68
-69 -75 -68
-69 -72 -68
-69 -71 -68
-68 -71 -68
-68 -71 -68
-68 -69 -68
-68 -69 -69
-68 -68 -69
-68 -68 -69
-68 -68 -69
-68 -68 -69
-68 -68 -69
-68 -68 -69
-68 -68 -69
-68 -68 -69
-68 -68 -69
-68 -68 -69
-68 -70 -69
-68 -70 -69
-68 -70 -68
-68 -70 -68
-68 -71 -68
-68 -72 -68
-68 -72 -68
-68 -72 -68
-68 -72 -68
-68 -72 -68
-68 -72 -68
-68 -70 -68
-67 -69 -68
-67 -69 -68
-68 -69 -68
-68 -69 -68
-68 -69 -68
-68 -70 -68
-68 -72 -68
-68 -73 -68
-68 -73 -68
-70 -70 -68
-71 -72 -68
-71 -72 -68
-69 -72 -68
-68 -71 -68
-68 -71 -68
-68 -71 -68
-68 -71 -68
-68 -71 -68
-68 -71 -68
-70 -71 -69
-70 -72 -68
-70 -72 -69
-70 -71 -69
-70 -70 -69
-70 -70 -69
-70 -70 -69
-70 -70 -68
-70 -70 -68
-70 -70 -68
-70 -70 -68
-70 -70 -68
-71 -71 -68
-71 -71 -68
-71 -70 -69
-71 -70 -68
-70 -70 -68
-70 -70 -68
-69 -69 -68
-69 -69 -68
-69 -69 -68
-69 -70 -68
-69 -70 -68
-68 -70 -68
-68 -70 -68
-68 -70 -68
-68 -70 -68
-68 -70 -68
-68 -71 -68
-68 -71 -68
-68 -71 -68
-68 -71 -68
-68 -71 -68
-68 -70 -68
-68 -70 -68
-68 -70 -68
-68 -70 -68
-68 -70 -68
-68 -70 -68
-68 -70 -68
-68 -70 -68
-68 -70 -68
-68 -71 -68
-68 -70 -68
-68 -70 -68
-68 -70 -68
-68 -71 -68
-68 -71 -68
-68 -71 -68
-68 -71 -68
-68 -71 -68
-68 -70 -68
-68 -70 -68
-68 -70 -68
-69 -70 -68
-69 -70 -68
-69 -70 -68
-69 -70 -68
-68 -70 -68
-68 -71 -69
-68 -71 -69
-68 -71 -69
-68 -71 -69
-68 -71 -69
-68 -71 -69
-68 -71 -69
-68 -70 -69
-68 -70 -68
-68 -70 -68
-68 -70 -68
-68 -71 -68
-68 -71 -68
-68 -70 -68
-68 -70 -68
-68 -70 -68
-68 -70 -68
-68 -70 -68
-68 -70 -68
-69 -70 -68
-70 -70 -68
-72 -70 -67
-72 -70 -67
-71 -70 -67
-69 -70 -67
-68 -70 -67
-68 -70 -67
-68 -71 -68
-68 -71 -68
-69 -71 -67
-70 -71 -67
-71 -71 -67
-71 -69 -67
-70 -69 -67
-71 -69 -67
-71 -69 -67
-71 -69 -67
-71 -70 -67
-71 -70 -68
-70 -70 -69
-71 -70 -69
-72 -70 -69
-72 -70 -69
-72 -70 -70
-72 -70 -70
-72 -70 -70
-72 -70 -70
-72 -70 -70
-72 -70 -69
-71 -70 -68
-71 -70 -68
-71 -70 -68
-71 -70 -70
-71 -70 -70
-71 -70 -70
-71 -70 -70
-71 -70 -70
-70 -70 -70
-70 -70 -69
-70 -70 -69
-72 -70 -69
-72 -70 -69
-71 -70 -69
-69 -70 -69
-69 -70 -69
-69 -70 -69
-69 -70 -69
-69 -70 -69
-69 -70 -69
-69 -70 -69
-69 -70 -69
-69 -70 -69
-69 -70 -69
-69 -70 -68
-69 -69 -68
-68 -69 -68
-68 -69 -68
-68 -69 -68
-67 -69 -68
-67 -69 -68
-67 -70 -68
-67 -70 -68
-67 -70 -68
-67 -70 -68
-67 -70 -68
-67 -70 -68
-68 -70 -68
-68 -70 -68
-68 -70 -68
-68 -70 -68
-68 -71 -68
-68 -71 -69
-68 -71 -69
-69 -72 -69
-70 -72 -69
-67 -72 -71
-68 -72 -70
-68 -73 -70
-68 -72 -69
-68 -71 -69
-68 -70 -69
-69 -70 -68
-69 -70 -68
-67 -70 -69
-68 -69 -69
-67 -69 -69
-68 -69 -69
-68 -70 -69
-68 -69 -68
-67 -69 -68
-68 -69 -68
-68 -70 -68
-68 -70 -69
-67 -70 -68
-69 -73 -68
-67 -73 -68
-68 -72 -68
-68 -72 -68
-68 -72 -68
-68 -72 -68
-68 -72 -68
-68 -72 -68
-68 -72 -68
-68 -72 -69
-70 -72 -69
-67 -72 -69
-70 -72 -69
-68 -72 -69
-68 -71 -68
-66 -70 -69
-68 -70 -69
-69 -73 -69
-70 -73 -69
-68 -73 -69
-70 -73 -69
-70 -72 -68
-67 -70 -68
-68 -69 -69
-69 -68 -69
-70 -68 -71
-70 -70 -70
-69 -72 -70
-67 -72 -72
-67 -71 -68
-66 -71 -68
-66 -72 -69
-66 -72 -68
-66 -72 -68
-66 -72 -69
-69 -71 -66
-70 -71 -69
-70 -71 -67
-71 -71 -68
-72 -70 -67
-69 -70 -69
-67 -68 -68
-65 -68 -68
-65 -70 -68
-67 -67 -68
-68 -67 -68
-68 -69 -69
-68 -71 -69
-68 -71 -68
-68 -69 -68
-67 -69 -68
-67 -70 -68
-67 -70 -68
-68 -70 -68
-72 -70 -68
-74 -69 -68
-74 -68 -68
-74 -69 -68
-74 -68 -68
-75 -69 -68
-76 -69 -68
-75 -69 -68
-72 -69 -68
-71 -68 -68
-73 -68 -68
-72 -68 -68
-73 -68 -68
-72 -69 -68
-68 -71 -69
-67 -69 -68
-68 -70 -68
-73 -70 -68
-72 -70 -68
-69 -70 -68
-72 -70 -68
-71 -70 -68
-72 -69 -68
-70 -69 -68
-76 -69 -68
-71 -70 -68
-68 -69 -68
-65 -69 -68
-63 -69 -68
-67 -69 -68
-68 -69 -68
-64 -69 -68
-66 -69 -68
-72 -69 -68
-69 -69 -68
-69 -69 -68
-71 -69 -69
-69 -69 -69
-72 -69 -69
-71 -69 -69
-68 -69 -69
-68 -69 -69
-69 -69 -69
-69 -69 -69
-68 -69 -68
-69 -69 -68
-68 -69 -68
-68 -69 -68
-67 -69 -68
-69 -69 -68
-67 -69 -68
-67 -70 -68
-67 -70 -68
-68 -70 -68
-68 -70 -68
-69 -70 -68
-69 -70 -68
-68 -71 -68
-67 -72 -68
-67 -72 -68
-68 -72 -68
-68 -74 -68
-68 -74 -68
-68 -74 -68
-68 -73 -69
-68 -73 -69
-68 -73 -69
-68 -72 -69
-68 -72 -69
-70 -72 -69
-71 -71 -69
-70 -71 -69
-71 -69 -68
-71 -69 -68
-70 -69 -68
-70 -69 -68
-70 -70 -68
-70 -70 -68
-70 -70 -68
-71 -69 -68
-70 -69 -68
-70 -69 -68
-71 -70 -68
-71 -72 -68
-71 -72 -68
-71 -75 -68
-71 -75 -68
-71 -73 -68
-71 -72 -68
-71 -73 -68
-71 -72 -68
-70 -69 -68
-70 -68 -68
-70 -68 -68
-68 -68 -68
-68 -68 -68
-68 -69 -68
-69 -69 -68
-69 -72 -68
-68 -72 -68
-68 -72 -68
-68 -73 -68
-68 -73 -68
-68 -72 -68
-68 -72 -68
-69 -72 -68
-69 -71 -68
-69 -70 -68
-68 -71 -68
-68 -71 -68
-68 -71 -68
-68 -70 -68
-68 -69 -68
-68 -69 -68
-68 -69 -68
-68 -69 -68
-68 -69 -68
-68 -69 -69
-68 -69 -69
-68 -69 -69
-68 -69 -69
-68 -69 -69
-68 -69 -69
-68 -69 -68
-68 -69 -68
-68 -69 -68
-68 -69 -68
-70 -69 -68
-72 -69 -68
-72 -69 -68
-72 -69 -68
-73 -69 -68
-73 -69 -68
-73 -69 -69
-73 -69 -69
-73 -69 -69
-72 -70 -69
-72 -72 -69
-72 -73 -68
-73 -71 -68
-73 -72 -68
-71 -72 -68
-71 -72 -68
-72 -69 -68
-73 -69 -68
-73 -69 -68
-73 -69 -68
-71 -70 -68
-71 -70 -68
-71 -70 -68
-71 -70 -70
-71 -70 -69
-71 -71 -69
-71 -70 -69
-71 -70 -69
-71 -70 -69
-71 -70 -69
-71 -70 -69
-71 -70 -69
-71 -70 -69
-71 -70 -70
-71 -70 -70
-71 -70 -70
-71 -70 -70
-71 -72 -70
-70 -72 -69
-70 -70 -69
-70 -69 -69
-70 -70 -69
-70 -70 -69
-70 -70 -69
-69 -70 -69
-70 -70 -69
-68 -70 -69
-68 -70 -69
-69 -71 -69
-68 -71 -69
-68 -70 -69
-68 -70 -69
-68 -70 -69
-67 -70 -69
-68 -70 -69
-67 -69 -69
-67 -70 -69
-67 -70 -68
-67 -69 -67
-67 -68 -68
-67 -68 -69
-68 -68 -69
-68 -68 -69
-68 -67 -69
-67 -67 -69
-67 -68 -69
-67 -69 -69
-68 -71 -69
-68 -71 -69
-68 -72 -69
-70 -72 -69
-67 -72 -69
-70 -71 -69
-68 -71 -69
-68 -71 -69
-68 -71 -69
-69 -72 -70
-69 -72 -70
-69 -72 -70
-70 -72 -70
-70 -72 -70
-70 -70 -69
-69 -71 -69
-68 -71 -69
-68 -71 -69
-69 -72 -69
-69 -73 -70
-66 -73 -70
-71 -71 -70
-68 -71 -70
-68 -68 -71
-72 -68 -72
-69 -67 -70
-69 -67 -69
-69 -68 -69
-71 -70 -69
-71 -71 -68
-68 -71 -70
-69 -69 -69
-70 -70 -70
-73 -70 -70
-74 -70 -68
-71 -71 -68
-70 -71 -70
-71 -71 -68
-70 -71 -69
-70 -71 -68
-67 -71 -69
-64 -71 -68
-64 -68 -68
-64 -69 -67
-66 -69 -68
-70 -67 -68
-71 -67 -67
-69 -69 -67
-69 -70 -67
-70 -70 -67
-67 -70 -68
-65 -70 -69
-66 -69 -68
-66 -69 -68
-65 -70 -68
-65 -70 -68
-66 -70 -68
-66 -70 -69
-66 -70 -69
-66 -69 -69
-65 -70 -69
-66 -70 -69
-65 -70 -68
-65 -69 -68
-65 -69 -68
-65 -70 -68
-64 -70 -68
-64 -70 -68
-64 -70 -68
-64 -70 -68
-64 -70 -68
-65 -70 -68
-69 -70 -68
-71 -71 -68
-68 -71 -68
-66 -70 -69
-70 -70 -69
-71 -70 -69
-69 -70 -69
-70 -70 -69
-68 -70 -68
-66 -70 -68
-70 -70 -68
-68 -70 -68
-65 -70 -68
-65 -70 -68
-72 -70 -68
-73 -70 -68
-70 -70 -68
-67 -70 -69
-67 -70 -69
-65 -70 -69
-64 -70 -68
-65 -69 -68
-73 -69 -68
-69 -69 -68
-66 -69 -68
-69 -68 -68
-68 -68 -68
-69 -68 -68
-70 -69 -68
-70 -70 -68
-71 -70 -68
-70 -69 -68
-69 -69 -68
-69 -69 -68
-68 -69 -68
-70 -72 -68
-70 -72 -68
-69 -71 -68
-69 -71 -68
-68 -70 -68
-67 -70 -68
-67 -70 -67
-67 -70 -67
-70 -71 -68
-69 -71 -67
-69 -72 -67
-70 -71 -67
-69 -71 -67
-70 -71 -68
-72 -71 -69
-72 -71 -68
-73 -71 -68
-73 -70 -68
-72 -70 -69
-71 -71 -69
-70 -71 -69
-70 -71 -69
-72 -71 -69
-72 -70 -69
-72 -70 -69
-71 -70 -69
-71 -70 -69
-72 -71 -69
-71 -71 -69
-70 -71 -69
-72 -70 -69
-72 -69 -69
-70 -69 -69
-70 -69 -69
-70 -72 -69
-70 -72 -69
-70 -71 -69
-71 -70 -69
-71 -72 -69
-70 -71 -69
-70 -72 -68
-70 -72 -68
-70 -73 -68
-70 -72 -68
-70 -75 -68
-69 -75 -68
-69 -75 -68
-69 -74 -68
-68 -73 -68
-68 -75 -68
-68 -75 -68
-68 -73 -68
-68 -72 -69
-68 -72 -69
-68 -72 -69
-68 -71 -69
-68 -71 -69
-68 -71 -69
-68 -70 -69
-68 -69 -69
-68 -69 -68
-68 -69 -68
-68 -69 -68
-69 -69 -68
-67 -70 -68
-68 -70 -68
-69 -70 -68
-69 -70 -68
-70 -71 -68
-68 -71 -68
-69 -71 -68
-69 -71 -67
-68 -71 -67
-68 -70 -67
-68 -69 -67
-68 -69 -67
-68 -69 -68
-67 -68 -68
-67 -68 -68
-67 -68 -68
-67 -68 -69
-67 -68 -69
-67 -68 -69
-67 -68 -69
-67 -70 -69
-67 -70 -68
-67 -70 -68
-67 -70 -68
-67 -70 -68
-67 -70 -68
-68 -70 -68
-67 -69 -67
-67 -69 -67
-67 -69 -67
-67 -69 -67
-67 -69 -68
-67 -69 -68
-67 -69 -67
-67 -70 -67
-69 -70 -68
-69 -70 -70
-69 -70 -70
-68 -71 -69
-68 -70 -68
-67 -69 -67
-67 -70 -67
-70 -72 -69
-68 -72 -69
-68 -72 -69
-70 -71 -69
-72 -73 -69
-72 -73 -69
-72 -71 -69
-71 -73 -69
-72 -72 -71
-72 -72 -71
-73 -71 -71
-71 -71 -70
-72 -72 -70
-68 -73 -70
-69 -74 -68
-68 -73 -68
-68 -73 -68
-68 -73 -68
-68 -74 -68
-68 -74 -68
-68 -71 -68
-68 -70 -68
-69 -70 -68
-67 -70 -68
-67 -70 -68
-70 -70 -68
-70 -70 -68
-70 -70 -68
-69 -70 -68
-69 -70 -69
-69 -70 -70
-69 -71 -70
-69 -71 -70
-68 -71 -72
-67 -71 -71
-70 -71 -71
-69 -71 -70
-67 -71 -70
-71 -71 -70
-68 -71 -70
-67 -72 -70
-66 -72 -70
-66 -72 -70
-66 -72 -70
-65 -73 -71
-65 -73 -71
-66 -73 -71
-66 -72 -71
-66 -72 -71
-67 -71 -70
-69 -71 -71
-69 -69 -69
-71 -70 -70
-72 -70 -72
-72 -72 -69
-75 -73 -70
-75 -73 -71
-74 -72 -71
-72 -72 -70
-68 -70 -70
-66 -71 -71
-67 -71 -69
-67 -70 -70
-68 -70 -68
-71 -70 -68
-73 -72 -66
-74 -72 -68
-75 -70 -68
-72 -70 -68
-73 -68 -68
-72 -67 -66
-72 -67 -67
-71 -67 -67
-70 -69 -66
-69 -70 -67
-68 -70 -67
-67 -69 -67
-68 -69 -67
-69 -68 -67
-69 -68 -67
-69 -68 -67
-69 -68 -68
-69 -70 -68
-69 -70 -67
-68 -69 -66
-69 -69 -66
-69 -70 -67
-70 -71 -68
-71 -71 -68
-74 -71 -68
-75 -71 -68
-71 -72 -69
-69 -71 -69
-66 -70 -70
-69 -70 -70
-71 -69 -70
-68 -69 -69
-67 -69 -70
-70 -69 -68
-72 -70 -69
-70 -70 -68
-72 -70 -68
-73 -69 -68
-75 -69 -68
-73 -69 -68
-74 -69 -68
-77 -69 -67
-78 -69 -67
-78 -70 -67
-74 -70 -67
-68 -70 -67
-69 -70 -67
-71 -70 -67
-68 -70 -67
-69 -71 -67
-70 -71 -67
-67 -71 -67
-70 -71 -68
-70 -70 -69
-67 -70 -67
-67 -70 -67
-68 -70 -67
-70 -69 -67
-69 -69 -67
-70 -69 -68
-70 -69 -68
-71 -70 -68
-72 -70 -68
-69 -70 -68
-72 -70 -67
-69 -70 -68
-69 -70 -68
-70 -69 -68
-69 -69 -68
-71 -69 -68
-69 -70 -68
-69 -70 -68
-67 -70 -68
-67 -71 -68
-67 -71 -68
-67 -71 -68
-69 -71 -68
-68 -70 -68
-68 -71 -68
-68 -71 -68
-67 -70 -68
-68 -71 -68
-68 -71 -68
-68 -71 -68
-68 -71 -68
-68 -71 -68
-68 -72 -68
-68 -73 -68
-68 -74 -68
-70 -74 -68
-69 -74 -68
-69 -74 -68
-69 -75 -69
-69 -74 -69
-69 -74 -69
-69 -75 -69
-70 -75 -69
-70 -75 -69
-69 -73 -68
-69 -71 -68
-69 -71 -68
-69 -71 -68
-69 -71 -67
-69 -70 -67
-69 -70 -68
-69 -70 -68
-69 -70 -68
-69 -69 -68
-68 -70 -68
-68 -70 -68
-68 -70 -69
-68 -71 -69
-68 -71 -68
-68 -71 -68
-68 -70 -68
-68 -70 -68
-68 -70 -68
-69 -73 -68
-68 -73 -67
-68 -74 -67
-68 -74 -68
-68 -73 -68
-68 -73 -68
-69 -72 -68
-69 -72 -69
-69 -72 -68
-69 -72 -68
-68 -71 -68
-68 -72 -68
-68 -75 -68
-69 -72 -69
-69 -71 -69
-68 -70 -69
-68 -69 -69
-68 -69 -69
-68 -69 -68
-68 -69 -68
-68 -69 -68
-68 -69 -69
-68 -69 -69
-68 -69 -69
-68 -69 -69
-68 -69 -69
-68 -69 -69
-69 -69 -69
-71 -68 -69
-71 -68 -69
-69 -68 -68
-70 -68 -68
-71 -68 -68
-73 -68 -68
-72 -69 -68
-72 -69 -68
-72 -69 -68
-72 -69 -68
-72 -69 -68
-72 -69 -68
-72 -69 -68
-73 -69 -68
-73 -69 -68
-73 -69 -68
-72 -69 -69
-71 -69 -69
-71 -69 -69
-71 -68 -69
-71 -69 -69
-70 -69 -69
-70 -69 -68
-69 -69 -68
-69 -69 -69
-69 -69 -69
-69 -69 -69
-69 -69 -68
-69 -69 -68
-69 -69 -68
-69 -70 -69
-69 -70 -69
-69 -70 -69
-69 -70 -69
-69 -70 -69
-69 -70 -69
-69 -69 -69
-69 -69 -69
-68 -69 -69
-68 -70 -69
-68 -70 -69
-68 -70 -70
-68 -70 -70
-68 -70 -70
-68 -70 -70
-68 -70 -69
-71 -70 -69
-70 -70 -69
-71 -70 -69
-69 -71 -69
-67 -71 -69
-68 -71 -70
-67 -72 -70
-67 -73 -70
-68 -73 -69
-70 -74 -69
-71 -74 -70
-72 -73 -69
-72 -71 -69
-69 -71 -69
-68 -71 -70
-68 -71 -70
-69 -71 -70
-69 -70 -70
-67 -70 -70
-69 -69 -69
-69 -69 -69
-69 -69 -69
-70 -69 -69
-70 -69 -69
-71 -69 -69
-71 -69 -69
-70 -68 -69
-70 -69 -69
-70 -70 -68
-70 -70 -68
-69 -70 -68
-69 -71 -68
-68 -71 -68
-69 -71 -68
-68 -71 -68
-69 -71 -68
-68 -71 -68
-69 -71 -68
-69 -70 -68
-69 -70 -68
-69 -71 -68
-69 -71 -70
-68 -73 -70
-68 -74 -70
-68 -71 -71
-68 -72 -71
-68 -71 -71
-70 -71 -71
-68 -70 -71
-72 -71 -71
-73 -71 -70
-72 -73 -69
-68 -73 -69
-66 -73 -69
-68 -73 -69
-66 -73 -69
-66 -72 -69
-67 -72 -71
-68 -72 -71
-70 -72 -72
-70 -72 -73
-69 -71 -73
-69 -71 -72
-71 -71 -73
-73 -71 -73
-73 -72 -72
-70 -72 -73
-70 -70 -71
-70 -69 -71
-72 -70 -71
-75 -68 -72
-75 -67 -68
-74 -67 -65
-74 -67 -63
-73 -67 -65
-74 -67 -69
-76 -67 -70
-78 -67 -69
-78 -68 -69
-74 -68 -69
-71 -69 -69
-74 -69 -69
-75 -69 -69
-78 -68 -68
-77 -68 -68
-74 -68 -68
-71 -68 -70
-70 -69 -70
-70 -70 -68
-72 -70 -66
-73 -69 -67
-75 -68 -71
-72 -68 -72
-72 -68 -70
-73 -68 -70
-74 -68 -71
-70 -68 -71
-67 -69 -70
-65 -69 -70
-66 -70 -70
-69 -71 -71
-68 -72 -71
-68 -73 -70
-68 -75 -70
-68 -73 -70
-68 -73 -70
-69 -72 -70
-69 -71 -71
-68 -71 -71
-69 -70 -71
-69 -69 -70
-69 -69 -70
-69 -69 -69
-69 -70 -69
-68 -72 -69
-68 -72 -69
-68 -73 -69
-68 -72 -69
-68 -71 -69
-68 -71 -69
-69 -71 -69
-69 -71 -69
-67 -71 -69
-69 -72 -68
-67 -71 -68
-67 -71 -68
-67 -71 -68
-67 -71 -68
-69 -71 -68
-69 -71 -68
-68 -71 -68
-67 -71 -69
-67 -71 -69
-67 -71 -70
-67 -70 -70
-68 -70 -69
-68 -70 -69
-68 -70 -69
-68 -69 -69
-68 -69 -70
-68 -69 -71
-68 -69 -70
-69 -69 -70
-69 -69 -71
-68 -69 -71
-68 -69 -69
-69 -69 -69
-69 -69 -70
-68 -69 -70
-70 -69 -67
-68 -70 -67
-67 -72 -67
-67 -72 -67
-67 -72 -67
-67 -72 -67
-67 -72 -68
-67 -71 -69
-69 -71 -69
-71 -71 -69
-71 -71 -69
-69 -71 -69
-72 -72 -69
-72 -72 -69
-72 -72 -68
-72 -72 -68
-72 -72 -68
-73 -73 -68
-72 -73 -67
-72 -74 -67
-72 -74 -67
-73 -74 -67
-73 -74 -67
-73 -74 -67
-72 -72 -67
-73 -72 -70
-73 -71 -70
-73 -69 -70
-72 -67 -69
-72 -67 -70
-71 -68 -70
-71 -68 -69
-71 -68 -69
-70 -70 -69
-71 -71 -69
-71 -72 -69
-69 -72 -69
-69 -73 -69
-70 -74 -69
-70 -74 -69
-69 -74 -69
-68 -74 -68
-68 -74 -68
-68 -75 -68
-68 -73 -68
-69 -71 -68
-72 -69 -68
-73 -69 -67
-72 -69 -67
-69 -69 -67
-69 -70 -67
-69 -71 -67
-69 -71 -67
-68 -71 -66
-68 -71 -66
-68 -71 -66
-68 -71 -67
-68 -71 -67
-68 -71 -67
-68 -71 -67
-69 -71 -67
-69 -71 -67
-69 -71 -67
-68 -71 -67
-68 -72 -68
-67 -74 -68
-67 -74 -68
-67 -74 -68
-67 -73 -68
-67 -71 -68
-68 -71 -68
-69 -71 -68
-68 -71 -68
-70 -70 -68
-67 -70 -68
-68 -69 -68
-68 -69 -68
-70 -69 -68
-70 -71 -68
-70 -71 -68
-69 -70 -68
-70 -70 -68
-68 -70 -68
-69 -70 -68
-67 -70 -68
-70 -70 -68
-68 -69 -68
-72 -69 -68
-68 -71 -69
-69 -69 -69
-65 -69 -68
-68 -69 -68
-67 -70 -68
-67 -70 -68
-68 -70 -68
-70 -69 -68
-67 -69 -68
-71 -69 -68
-68 -68 -68
-69 -69 -68
-67 -69 -68
-64 -69 -68
-68 -69 -68
-66 -69 -68
-71 -69 -68
-69 -69 -68
-66 -69 -68
-69 -69 -68
-66 -70 -68
-69 -70 -68
-69 -71 -68
-69 -70 -69
-71 -69 -68
-73 -69 -68
-75 -69 -68
-72 -70 -68
-67 -70 -67
-65 -70 -67
-65 -70 -68
-64 -70 -68
-64 -70 -68
-64 -70 -68
-64 -70 -68
-68 -70 -68
-70 -69 -68
-74 -69 -68
-71 -73 -68
-68 -73 -68
-69 -73 -67
-69 -71 -69
-72 -70 -68
-74 -70 -67
-72 -69 -69
-70 -69 -69
-70 -68 -69
-70 -69 -69
-70 -69 -69
-69 -69 -69
-68 -69 -68
-68 -71 -69
-67 -69 -66
-67 -69 -67
-67 -67 -64
-67 -68 -67
-69 -68 -65
-72 -69 -66
-73 -71 -68
-76 -72 -69
-74 -72 -69
-74 -73 -69
-72 -73 -69
-73 -72 -70
-73 -71 -71
-74 -67 -70
-74 -67 -69
-71 -68 -69
-70 -71 -70
-73 -69 -71
-74 -69 -69
-70 -68 -69
-69 -70 -70
-68 -70 -70
-67 -71 -70
-68 -71 -69
-70 -73 -69
-68 -72 -69
-68 -70 -69
-68 -70 -69
-68 -69 -70
-68 -69 -70
-70 -69 -70
-70 -71 -70
-69 -72 -68
-69 -72 -68
-69 -72 -68
-69 -72 -68
-69 -72 -68
-70 -71 -69
-70 -71 -69
-68 -71 -68
-68 -70 -68
-67 -70 -68
-67 -70 -68
-67 -70 -68
-67 -70 -68
-68 -70 -68
-68 -70 -68
-68 -69 -69
-68 -69 -69
-68 -69 -69
-68 -69 -69
-70 -70 -70
-68 -70 -70
-68 -70 -69
-69 -70 -69
-71 -71 -68
-68 -72 -68
-68 -72 -68
-69 -72 -68
-68 -71 -68
-68 -71 -68
-68 -71 -68
-68 -71 -68
-68 -71 -68
-68 -71 -68
-68 -71 -68
-68 -72 -69
-68 -72 -70
-68 -71 -69
-68 -71 -68
-68 -71 -69
-68 -71 -69
-68 -70 -68
-68 -70 -67
-68 -70 -67
-68 -70 -68
-68 -70 -68
-68 -70 -68
-68 -70 -68
-69 -70 -68
-69 -70 -68
-69 -70 -68
-69 -70 -69
-70 -70 -69
-70 -70 -68
-70 -70 -67
-69 -70 -67
-69 -70 -67
-69 -69 -67
-69 -69 -67
-69 -69 -67
-69 -69 -68
-69 -69 -68
-69 -69 -68
-69 -69 -68
-69 -69 -69
-69 -69 -69
-71 -70 -69
-73 -71 -69
-73 -72 -69
-72 -73 -69
-72 -73 -68
-72 -71 -68
-72 -71 -68
-72 -70 -68
-72 -70 -68
-71 -70 -68
-69 -70 -68
-69 -70 -68
-69 -70 -68
-69 -70 -68
-69 -69 -68
-69 -69 -68
-69 -69 -68
-69 -69 -68
-69 -69 -68
-70 -71 -68
-71 -70 -68
-72 -70 -68
-71 -71 -68
-72 -72 -68
-72 -72 -68
-72 -71 -68
-72 -71 -68
-71 -71 -68
-71 -71 -68
-71 -71 -68
-71 -72 -68
-71 -72 -68
-70 -72 -68
-70 -72 -68
-69 -71 -68
-70 -70 -68
-70 -70 -68
-70 -69 -68
-70 -69 -68
-70 -69 -68
-70 -69 -68
-70 -71 -68
-70 -71 -68
-70 -71 -68
-70 -72 -68
-70 -73 -67
-70 -75 -67
-70 -75 -67
-70 -75 -67
-72 -75 -67
-72 -74 -67
-71 -72 -67
-71 -71 -68
-71 -71 -68
-71 -70 -68
-70 -68 -68
-70 -67 -68
-70 -69 -68
-70 -69 -68
-71 -69 -68
-71 -70 -68
-71 -71 -68
-71 -72 -68
-71 -72 -67
-71 -74 -68
-71 -72 -68
-71 -71 -68
-69 -71 -68
-69 -71 -68
-68 -71 -68
-68 -70 -68
-68 -70 -68
-68 -70 -68
-68 -70 -68
-68 -70 -68
-68 -71 -68
-68 -71 -68
-69 -71 -68
-68 -69 -68
-68 -69 -68
-68 -69 -68
-67 -69 -68
-68 -71 -68
-68 -71 -68
-68 -71 -68
-68 -71 -68
-68 -71 -67
-67 -70 -67
-69 -70 -67
-69 -70 -67
-69 -68 -67
-68 -68 -67
-68 -68 -67
-70 -69 -67
-69 -69 -67
-68 -69 -67
-68 -69 -68
-68 -69 -68
-67 -69 -68
-69 -69 -68
-67 -70 -68
-71 -70 -69
-69 -69 -69
-71 -69 -69
-70 -70 -70
-70 -69 -70
-67 -69 -70
-69 -69 -69
-70 -70 -69
-70 -70 -69
-70 -69 -69
-73 -69 -68
-69 -69 -68
-69 -69 -68
-71 -70 -68
-70 -69 -68
-75 -69 -69
-73 -69 -69
-70 -69 -69
-73 -69 -69
-71 -70 -69
-71 -70 -69
-68 -70 -69
-70 -70 -68
-68 -70 -68
-71 -68 -68
-71 -68 -68
-69 -68 -69
-71 -68 -69
-74 -68 -68
-73 -68 -69
-69 -68 -69
-66 -68 -69
-65 -68 -69
-65 -69 -69
-64 -69 -69
-64 -69 -67
-64 -69 -67
-67 -69 -67
-70 -69 -67
-72 -69 -68
-74 -69 -68
-72 -69 -68
-68 -68 -68
-66 -68 -68
-66 -68 -68
-68 -68 -68
-70 -68 -69
-69 -68 -69
-69 -68 -69
-69 -68 -68
-73 -68 -69
-72 -68 -68
-69 -67 -69
-69 -68 -70
-69 -66 -69
-69 -66 -68
-69 -67 -68
-69 -68 -67
-69 -70 -66
-68 -70 -68
-68 -68 -68
-67 -68 -68
-67 -66 -68
-67 -66 -68
-67 -67 -68
-67 -67 -68
-69 -70 -68
-69 -70 -68
-70 -72 -69
-72 -72 -70
-72 -73 -69
-71 -72 -71
-70 -71 -69
-71 -69 -69
-71 -68 -70
-71 -68 -70
-70 -69 -71
-71 -69 -71
-72 -69 -72
-72 -68 -69
-72 -67 -70
-69 -65 -69
-68 -66 -69
-69 -68 -69
-69 -70 -69
-68 -70 -69
-68 -70 -69
-70 -72 -69
-69 -72 -69
-67 -71 -71
-68 -70 -69
-68 -69 -69
-68 -69 -69
-68 -70 -69
-71 -70 -69
-70 -70 -69
-68 -70 -70
-68 -71 -70
-68 -72 -70
-68 -72 -70
-68 -72 -70
-68 -71 -69
-68 -72 -69
-68 -72 -69
-68 -71 -68
-69 -71 -68
-68 -71 -69
-68 -71 -69
-68 -71 -69
-68 -71 -69
-67 -71 -69
-68 -71 -68
-68 -70 -68
-69 -69 -68
-68 -69 -68
-68 -69 -68
-68 -70 -69
-69 -70 -69
-71 -69 -69
-71 -69 -69
-71 -69 -69
-71 -69 -69
-73 -69 -69
-74 -69 -69
-72 -69 -69
-72 -69 -69
-72 -69 -70
-73 -70 -70
-74 -70 -69
-74 -70 -69
-73 -71 -68
-72 -71 -69
-72 -71 -70
-71 -70 -67
-71 -70 -67
-71 -70 -67
-71 -69 -67
-71 -69 -67
-70 -70 -68
-68 -70 -68
-70 -70 -67
-70 -70 -67
-70 -70 -67
-70 -70 -66
-70 -70 -66
-70 -70 -68
-70 -70 -68
-70 -70 -68
-70 -70 -67
-70 -70 -67
-71 -70 -67
-71 -69 -67
-70 -69 -68
-70 -70 -69
-70 -70 -69
-70 -70 -69
-70 -70 -69
-70 -70 -68
-70 -70 -67
-70 -70 -67
-71 -70 -67
-71 -70 -66
-71 -70 -66
-71 -70 -66
-70 -70 -67
-70 -70 -67
-69 -70 -67
-69 -70 -68
-69 -70 -68
-69 -69 -68
-69 -69 -68
-69 -69 -68
-70 -69 -68
-70 -69 -68
-69 -69 -68
-69 -69 -68
-69 -69 -68
-69 -69 -67
-69 -69 -68
-68 -69 -68
-68 -71 -68
-68 -71 -68
-68 -73 -68
-68 -72 -68
-68 -69 -69
-68 -71 -69
-68 -71 -69
-69 -71 -68
-69 -72 -69
-69 -72 -69
-68 -72 -69
-68 -72 -69
-68 -71 -68
-68 -71 -68
-68 -71 -68
-68 -71 -68
-68 -72 -68
-68 -72 -68
-69 -71 -68
-69 -72 -68
-69 -72 -68
-68 -72 -68
-68 -73 -68
-67 -72 -68
-67 -72 -68
-67 -72 -68
-67 -72 -68
-67 -72 -68
-67 -71 -68
-67 -72 -68
-67 -72 -69
-68 -71 -68
-68 -71 -68
-68 -71 -68
-68 -70 -68
-68 -70 -68
-68 -71 -68
-68 -72 -68
-68 -73 -68
-68 -74 -68
-68 -76 -68
-68 -74 -68
-68 -74 -68
-68 -75 -68
-68 -76 -68
-68 -75 -68
-68 -73 -68
-68 -72 -68
-68 -71 -68
-68 -71 -68
-68 -72 -68
-68 -72 -68
-68 -72 -68
-68 -72 -68
-68 -72 -68
-68 -71 -68
-68 -70 -68
-68 -70 -68
-68 -71 -68
-68 -71 -68
-68 -73 -68
-68 -73 -68
-68 -73 -68
-68 -72 -68
-68 -72 -68
-68 -72 -68
-68 -72 -68
-68 -72 -68
-69 -72 -68
-69 -72 -68
-69 -72 -68
-69 -72 -68
-69 -71 -68
-69 -72 -68
-69 -72 -68
-69 -72 -68
-69 -71 -68
-69 -73 -68
-69 -72 -68
-69 -72 -68
-69 -71 -68
-67 -71 -68
-67 -71 -68
-68 -71 -68
-68 -71 -68
-68 -71 -68
-68 -71 -68
-69 -71 -68
-69 -71 -68
-68 -71 -68
-69 -70 -68
-68 -70 -68
-68 -70 -68
-68 -69 -68
-68 -69 -68
-68 -69 -70
-69 -69 -69
-66 -69 -69
-69 -69 -69
-68 -70 -69
-68 -70 -69
-67 -70 -69
-68 -70 -69
-66 -70 -68
-67 -70 -68
-68 -70 -68
-67 -70 -67
-68 -70 -68
-73 -70 -68
-69 -70 -67
-66 -70 -67
-67 -69 -67
-69 -70 -67
-67 -69 -68
-66 -69 -68
-65 -70 -68
-67 -70 -68
-70 -70 -68
-70 -70 -68
-70 -70 -68
-69 -71 -68
-69 -71 -68
-69 -70 -68
-68 -70 -68
-70 -69 -68
-70 -69 -68
-70 -69 -68
-73 -69 -68
-71 -68 -68
-70 -68 -68
-74 -68 -68
-71 -68 -68
-74 -68 -68
-70 -68 -68
-74 -67 -68
-70 -67 -69
-69 -67 -68
-72 -67 -66
-68 -68 -68
-66 -68 -67
-65 -68 -67
-70 -68 -68
-68 -69 -68
-68 -69 -70
-68 -69 -69
-69 -70 -69
-74 -71 -69
-75 -71 -68
-72 -70 -67
-74 -70 -68
-74 -70 -67
-72 -70 -68
-72 -69 -69
-74 -70 -69
-74 -69 -68
-72 -69 -68
-70 -69 -67
-69 -71 -67
-70 -70 -67
-71 -69 -67
-71 -68 -68
-74 -68 -68
-76 -68 -68
-74 -68 -68
-73 -70 -68
-72 -72 -68
-75 -72 -69
-73 -75 -69
-73 -72 -69
-73 -70 -69
-72 -68 -69
-73 -67 -69
-75 -70 -71
-72 -69 -72
-72 -67 -71
-71 -67 -69
-71 -67 -70
-68 -69 -69
-68 -70 -69
-69 -70 -69
-67 -70 -69
-67 -71 -68
-70 -73 -68
-67 -71 -69
-68 -71 -68
-70 -71 -68
-72 -71 -68
-72 -71 -68
-72 -71 -68
-73 -71 -68
-73 -71 -69
-72 -71 -69
-72 -71 -69
-72 -71 -69
-72 -71 -69
-71 -71 -69
-71 -71 -68
-70 -71 -68
-70 -70 -67
-70 -70 -67
-70 -70 -67
-70 -70 -67
-70 -71 -67
-70 -71 -68
-70 -71 -68
-70 -70 -69
-70 -70 -69
-69 -70 -68
-67 -70 -68
-68 -70 -68
-69 -70 -68
-69 -70 -68
-69 -70 -68
-70 -70 -69
-68 -70 -70
-69 -70 -69
-69 -70 -69
-68 -71 -70
-68 -71 -70
-67 -71 -69
-67 -70 -69
-69 -69 -70
-69 -69 -69
-68 -69 -68
-68 -69 -68
-68 -69 -68
-68 -69 -68
-70 -69 -68
-68 -70 -68
-68 -70 -68
-67 -70 -69
-68 -69 -69
-69 -69 -69
-68 -69 -68
-68 -69 -68
-68 -69 -69
-68 -69 -69
-68 -70 -69
-68 -70 -67
-66 -70 -66
-68 -70 -66
-67 -70 -66
-68 -70 -67
-67 -70 -68
-68 -69 -68
-68 -69 -68
-68 -70 -68
-68 -70 -69
-68 -70 -70
-68 -71 -70
-68 -71 -69
-68 -71 -69
-68 -70 -68
-68 -71 -68
-68 -70 -67
-68 -70 -67
-68 -70 -69
-68 -70 -70
-68 -69 -70
-69 -69 -70
-69 -69 -69
-69 -69 -68
-68 -69 -68
-68 -69 -68
-68 -69 -68
-68 -69 -68
-67 -69 -68
-68 -70 -68
-68 -70 -68
-68 -70 -68
-68 -70 -68
-68 -70 -68
-68 -70 -68
-68 -70 -68
-68 -71 -68
-68 -71 -69
-68 -71 -69
-68 -70 -69
-68 -70 -69
-70 -70 -69
-69 -70 -69
-69 -70 -69
-69 -70 -69
-69 -70 -69
-69 -70 -68
-69 -70 -68
-69 -70 -68
-69 -71 -68
-69 -71 -68
-69 -71 -68
-68 -71 -68
-68 -70 -68
-68 -70 -68
-68 -70 -69
-68 -70 -69
-68 -70 -69
-68 -70 -68
-68 -70 -68
-68 -70 -69
-68 -70 -69
-68 -70 -69
-68 -70 -69
-68 -70 -69
-68 -70 -69
-68 -69 -69
-68 -69 -69
-68 -69 -68
-69 -69 -68
-69 -69 -68
-69 -70 -68
-69 -70 -68
-69 -70 -68
-69 -70 -68
-68 -70 -68
-68 -70 -68
-70 -71 -68
-68 -72 -68
-68 -73 -68
-68 -72 -68
-68 -74 -68
-68 -74 -68
-68 -74 -68
-68 -73 -68
-68 -73 -68
-68 -71 -68
-68 -70 -68
-68 -70 -68
-68 -70 -68
-68 -70 -68
-68 -70 -68
-68 -70 -68
-68 -70 -68
-68 -72 -68
-68 -74 -68
-68 -74 -68
-68 -76 -68
-68 -76 -68
-68 -76 -68
-70 -75 -68
-71 -74 -68
-72 -72 -67
-71 -72 -67
-72 -70 -67
-72 -69 -67
-71 -68 -68
-72 -68 -68
-72 -69 -67
-72 -70 -67
-71 -71 -68
-69 -71 -68
-68 -71 -68
-68 -70 -68
-68 -70 -68
-68 -70 -68
-68 -70 -68
-68 -70 -68
-68 -71 -68
-68 -71 -68
-68 -70 -68
-68 -71 -68
-68 -71 -68
-68 -71 -68
-67 -71 -68
-68 -71 -68
-68 -71 -68
-69 -71 -68
-67 -70 -68
-67 -70 -68
-67 -70 -68
-67 -70 -68
-69 -71 -68
-72 -69 -68
-69 -69 -68
-69 -70 -68
-70 -69 -68
-72 -69 -68
-69 -69 -68
-71 -69 -68
-68 -69 -68
-68 -69 -68
-68 -69 -68
-68 -69 -68
-68 -69 -68
-68 -69 -68
-67 -69 -68
-70 -69 -68
-70 -69 -68
-71 -69 -68
-67 -69 -68
-67 -69 -68
-66 -70 -68
-65 -69 -69
-68 -69 -69
-68 -69 -69
-70 -70 -69
-70 -70 -69
-69 -70 -69
-66 -70 -69
-70 -71 -68
-68 -69 -68
-70 -69 -68
-70 -69 -68
-70 -69 -68
-70 -69 -68
-72 -69 -68
-71 -69 -67
-68 -69 -67
-73 -69 -67
-72 -69 -67
-66 -69 -67
-65 -69 -67
-68 -69 -67
-72 -69 -68
-75 -69 -68
-71 -69 -68
-68 -69 -68
-68 -69 -68
-73 -69 -68
-71 -70 -68
-67 -70 -68
-66 -70 -68
-70 -70 -68
-71 -70 -68
-71 -70 -68
-72 -71 -68
-72 -71 -68
-70 -71 -68
-70 -71 -68
-70 -71 -68
-70 -71 -68
-68 -71 -68
-66 -71 -68
-66 -71 -68
-65 -71 -68
-65 -71 -68
-65 -71 -68
-65 -71 -68
-65 -71 -68
-66 -71 -68
-67 -71 -68
-67 -71 -68
-67 -71 -68
-68 -71 -68
-68 -71 -68
-68 -71 -68
-68 -71 -67
-68 -72 -67
-68 -72 -67
-70 -72 -68
-72 -72 -68
-72 -72 -68
-71 -72 -68
-72 -72 -69
-72 -71 -69
-72 -71 -69
-72 -71 -69
-71 -71 -68
-71 -72 -68
-69 -70 -68
-70 -70 -68
-70 -70 -68
-71 -70 -68
-72 -70 -69
-73 -69 -69
-71 -69 -69
-69 -69 -69
-69 -69 -69
-69 -69 -66
-70 -69 -68
-72 -69 -68
-71 -69 -68
-69 -69 -68
-69 -69 -68
-70 -69 -67
-71 -69 -70
-72 -68 -69
-71 -68 -69
-71 -70 -68
-70 -70 -68
-70 -67 -70
-70 -69 -71
-70 -69 -69
-70 -69 -70
-72 -69 -68
-71 -69 -67
-68 -70 -68
-68 -70 -66
-69 -70 -69
-73 -69 -68
-74 -69 -68
-74 -68 -67
-74 -68 -70
-72 -68 -66
-71 -68 -67
-70 -68 -70
-70 -68 -68
-70 -71 -69
-72 -72 -67
-72 -73 -69
-72 -71 -68
-72 -70 -68
-72 -70 -69
-72 -71 -70
-71 -71 -69
-71 -70 -70
-71 -70 -70
-73 -69 -71
-71 -67 -71
-68 -69 -71
-68 -70 -70
-70 -71 -69
-67 -71 -69
-67 -73 -68
-68 -73 -69
-68 -72 -69
-68 -72 -69
-68 -72 -69
-68 -71 -69
-68 -71 -71
-68 -70 -71
-70 -70 -70
-68 -70 -70
-68 -71 -70
-68 -72 -70
-69 -72 -70
-68 -72 -70
-68 -72 -70
-68 -72 -69
-69 -71 -68
-69 -71 -68
-68 -71 -68
-67 -71 -68
-68 -70 -68
-68 -70 -69
-67 -70 -70
-67 -70 -68
-67 -69 -67
-68 -69 -67
-67 -69 -67
-67 -69 -68
-67 -69 -68
-69 -69 -68
-68 -69 -68
-67 -69 -69
-69 -69 -69
-68 -69 -69
-68 -70 -69
-68 -70 -69
-68 -70 -69
-68 -70 -69
-67 -71 -69
-68 -71 -69
-68 -71 -69
-68 -71 -68
-68 -69 -68
-68 -69 -69
-68 -69 -69
-68 -69 -69
-69 -69 -69
-68 -69 -69
-68 -69 -71
-68 -69 -71
-68 -69 -69
-68 -69 -69
-68 -70 -69
-68 -70 -68
-68 -71 -68
-68 -71 -68
-68 -72 -68
-68 -72 -68
-68 -71 -67
-68 -70 -67
-68 -70 -67
-68 -70 -69
-68 -70 -69
-68 -69 -69
-68 -70 -69
-68 -71 -70
-68 -71 -69
-69 -71 -68
-69 -70 -68
-69 -71 -68
-69 -71 -68
-69 -71 -68
-68 -71 -68
-68 -71 -68
-68 -71 -68
-68 -71 -68
-68 -71 -68
-68 -71 -68
-68 -71 -68
-68 -71 -69
-68 -71 -69
-68 -71 -68
-68 -71 -68
-68 -72 -68
-68 -71 -68
-68 -71 -68
-68 -71 -68
-68 -71 -68
-68 -71 -68
-68 -70 -68
-68 -70 -69
-68 -70 -69
-68 -69 -69
-68 -69 -69
-68 -69 -69
-68 -69 -69
-68 -69 -69
-68 -69 -69
-68 -69 -69
-69 -69 -69
-69 -69 -69
-69 -69 -69
-69 -69 -69
-69 -69 -70
-69 -69 -70
-69 -69 -70
-69 -69 -70
-68 -69 -70
-68 -69 -69
-68 -70 -69
-68 -73 -69
-68 -73 -69
-68 -72 -69
-68 -70 -69
-68 -70 -69
-68 -70 -69
-68 -70 -69
-68 -70 -69
-68 -70 -69
-68 -69 -69
-68 -68 -69
-68 -68 -69
-69 -69 -69
-70 -71 -68
-72 -71 -68
-71 -72 -68
-71 -73 -68
-71 -74 -68
-71 -75 -68
-72 -76 -68
-72 -76 -68
-72 -75 -67
-70 -75 -67
-71 -76 -67
-72 -76 -67
-72 -74 -68
-72 -74 -68
-72 -74 -68
-72 -72 -68
-72 -73 -68
-72 -72 -67
-71 -72 -67
-71 -72 -67
-71 -71 -67
-70 -70 -67
-68 -69 -67
-68 -67 -67
-69 -65 -67
-69 -65 -67
-69 -65 -68
-70 -66 -68
-70 -66 -68
-70 -66 -68
-70 -65 -68
-70 -65 -68
-70 -65 -68
-71 -65 -67
-69 -65 -67
-69 -65 -67
-69 -65 -68
-69 -65 -68
-69 -65 -68
-68 -65 -68
-68 -65 -68
-68 -68 -68
-68 -66 -68
-68 -65 -68
-68 -65 -68
-68 -65 -68
-68 -65 -68
-68 -65 -67
-68 -66 -67
-68 -66 -66
-68 -66 -67
-68 -67 -67
-68 -69 -67
-68 -69 -67
-68 -70 -67
-68 -71 -67
-68 -71 -67
-68 -73 -67
-68 -74 -67
-68 -75 -67
-68 -75 -67
-68 -75 -67
-69 -73 -67
-71 -73 -68
-72 -73 -68
-72 -74 -68
-72 -75 -68
-72 -73 -68
-72 -73 -68
-72 -73 -68
-69 -72 -68
-68 -72 -68
-68 -72 -68
-68 -72 -68
-68 -71 -68
-68 -71 -68
-68 -71 -68
-68 -70 -68
-68 -70 -68
-68 -70 -68
-68 -70 -68
-68 -70 -68
-68 -72 -68
-68 -73 -68
-68 -73 -68
-68 -72 -68
-68 -71 -68
-68 -71 -68
-68 -71 -68
-68 -71 -68
-68 -71 -68
-68 -70 -67
-68 -70 -67
-68 -70 -67
-68 -70 -67
-67 -70 -67
-67 -71 -67
-68 -71 -68
-68 -73 -68
-67 -73 -68
-67 -73 -68
-67 -71 -68
-67 -71 -68
-67 -71 -68
-67 -71 -68
-67 -71 -68
-68 -71 -68
-67 -71 -68
-67 -71 -68
-70 -71 -68
-69 -71 -68
-71 -71 -68
-69 -70 -68
-71 -70 -68
-71 -70 -68
-70 -70 -68
-71 -70 -68
-69 -70 -68
-69 -70 -69
-70 -70 -68
-72 -70 -68
-69 -70 -68
-70 -70 -68
-70 -70 -68
-71 -70 -68
-72 -71 -67
-71 -70 -67
-71 -70 -67
-70 -69 -67
-74 -69 -68
-74 -69 -67
-70 -70 -67
-77 -71 -67
-73 -70 -67
-70 -70 -67
-74 -70 -67
-72 -70 -67
-73 -70 -68
-73 -70 -68
-67 -70 -68
-69 -70 -68
-73 -70 -68
-71 -70 -68
-68 -71 -68
-71 -71 -68
-68 -70 -68
-68 -69 -68
-73 -70 -68
-73 -70 -68
-68 -70 -68
-65 -69 -68
-63 -69 -68
-68 -69 -68
-68 -69 -68
-67 -68 -67
-71 -68 -68
-68 -68 -66
-69 -70 -66
-66 -70 -68
-66 -69 -66
-70 -69 -66
-74 -69 -67
-71 -69 -68
-68 -69 -67
-68 -69 -67
-68 -70 -68
-68 -70 -69
-70 -70 -68
-73 -70 -68
-75 -71 -67
-74 -70 -66
-71 -70 -67
-70 -69 -67
-72 -70 -67
-71 -70 -67
-68 -70 -67
-66 -70 -69
-66 -69 -69
-66 -69 -69
-66 -69 -69
-67 -69 -69
-67 -69 -69
-67 -70 -70
-69 -69 -69
-71 -70 -68
-70 -70 -69
-69 -70 -69
-70 -70 -69
-70 -70 -70
-69 -73 -69
-67 -74 -70
-67 -72 -69
-67 -70 -70
-67 -71 -69
-67 -70 -70
-66 -69 -69
-68 -67 -70
-69 -67 -69
-71 -67 -69
-69 -69 -71
-68 -70 -68
-68 -71 -68
-68 -72 -68
-69 -74 -68
-68 -72 -68
-68 -69 -68
-68 -69 -68
-69 -70 -68
-69 -70 -69
-69 -70 -68
-69 -71 -69
-69 -71 -69
-69 -71 -69
-69 -71 -69
-69 -71 -70
-68 -71 -70
-68 -72 -70
-69 -72 -70
-67 -72 -70
-67 -71 -69
-66 -71 -69
-69 -71 -69
-67 -71 -69
-67 -70 -69
-67 -69 -69
-67 -69 -71
-67 -69 -70
-67 -70 -70
-67 -70 -70
-67 -69 -70
-67 -69 -70
-67 -69 -70
-68 -69 -69
-67 -70 -69
-67 -70 -69
-67 -70 -69
-68 -70 -71
-68 -70 -70
-68 -70 -70
-67 -70 -70
-67 -70 -70
-67 -70 -69
-68 -70 -69
-68 -70 -69
-68 -70 -69
-68 -70 -69
-68 -70 -69
-68 -70 -69
-68 -70 -69
-68 -70 -69
-68 -69 -71
-68 -69 -71
-68 -69 -70
-68 -69 -70
-68 -69 -70
-68 -69 -70
-68 -69 -69
-68 -69 -69
-68 -69 -69
-68 -69 -68
-68 -69 -68
-68 -69 -69
-68 -69 -69
-68 -69 -68
-68 -69 -68
-68 -69 -68
-68 -69 -68
-68 -69 -69
-68 -69 -68
-69 -69 -67
-69 -69 -67
-69 -69 -67
-69 -69 -67
-69 -69 -67
-69 -69 -67
-69 -69 -68
-69 -69 -67
-69 -69 -67
-69 -69 -67
-69 -69 -67
-69 -69 -67
-69 -69 -67
-69 -70 -68
-69 -70 -68
-69 -69 -68
-70 -69 -68
-71 -69 -68
-71 -69 -68
-71 -69 -68
-69 -70 -68
-71 -70 -68
-71 -70 -68
-71 -70 -69
-71 -70 -69
-71 -70 -69
-71 -70 -69
-71 -70 -69
-71 -69 -69
-71 -69 -69
-72 -69 -69
-72 -69 -69
-69 -69 -69
-69 -69 -69
-69 -69 -69
-69 -70 -69
-69 -70 -69
-69 -70 -69
-69 -70 -69
-68 -70 -69
-68 -70 -69
-68 -70 -68
-68 -70 -68
-68 -71 -68
-68 -71 -68
-68 -72 -68
-68 -71 -68
-68 -71 -68
-68 -72 -68
-68 -72 -69
-68 -72 -69
-68 -72 -69
-68 -72 -69
-68 -72 -69
-68 -72 -68
-68 -72 -68
-68 -72 -68
-68 -74 -68
-68 -74 -68
-68 -75 -68
-68 -77 -68
-68 -76 -68
-68 -77 -68
-68 -77 -68
-68 -75 -68
-68 -73 -68
-68 -73 -68
-68 -72 -68
-68 -69 -68
-68 -69 -68
-68 -69 -68
-68 -70 -68
-68 -70 -68
-68 -70 -69
-68 -70 -69
-68 -70 -69
-68 -70 -69
-68 -70 -69
-68 -72 -69
-68 -72 -69
-68 -72 -69
-68 -71 -69
-68 -71 -69
-68 -71 -69
-68 -71 -69
-68 -71 -69
-68 -71 -69
-68 -72 -69
-68 -72 -68
-68 -72 -68
-68 -72 -68
-68 -71 -68
-68 -71 -68
-68 -71 -69
-68 -71 -70
-68 -71 -71
-68 -72 -71
-68 -72 -70
-68 -72 -71
-70 -72 -72
-71 -72 -71
-71 -71 -70
-70 -71 -70
-71 -71 -70
-70 -71 -70
-70 -71 -69
-70 -71 -68
-70 -71 -68
-70 -71 -68
-70 -71 -68
-71 -70 -68
-72 -70 -68
-70 -70 -68
-71 -70 -68
-70 -70 -68
-70 -70 -68
-69 -70 -68
-72 -71 -68
-71 -71 -69
-72 -70 -69
-69 -70 -69
-69 -70 -69
-72 -69 -69
-72 -69 -69
-72 -69 -69
-72 -69 -69
-71 -69 -68
-72 -70 -68
-69 -70 -68
-74 -69 -69
-68 -69 -69
-76 -69 -69
-70 -69 -69
-70 -69 -69
-74 -69 -68
-69 -69 -68
-67 -69 -68
-73 -69 -68
-70 -69 -69
-66 -69 -68
-68 -70 -68
-68 -70 -68
-67 -70 -68
-71 -70 -68
-67 -70 -68
-67 -69 -68
-72 -69 -68
-70 -69 -68
-67 -70 -68
-66 -70 -68
-64 -70 -68
-64 -70 -68
-63 -70 -68
-63 -70 -68
-63 -70 -68
-63 -70 -68
-64 -71 -68
-65 -71 -67
-65 -71 -67
-66 -72 -66
-69 -72 -66
-72 -72 -66
-69 -72 -67
-67 -72 -67
-66 -72 -67
-66 -70 -67
-67 -69 -68
-67 -69 -68
-67 -70 -68
-67 -70 -68
-65 -69 -68
-65 -69 -68
-67 -69 -67
-70 -69 -68
-70 -67 -68
-70 -67 -68
-69 -67 -68
-68 -68 -68
-67 -68 -70
-66 -68 -68
-67 -68 -70
-68 -68 -69
-71 -69 -70
-75 -70 -69
-74 -70 -69
-78 -70 -70
-77 -70 -70
-77 -71 -69
-75 -72 -69
-72 -74 -69
-71 -71 -69
-71 -71 -69
-71 -71 -70
-71 -71 -71
-72 -69 -70
-72 -67 -70
-74 -67 -69
-74 -67 -70
-70 -69 -70
-67 -69 -70
-67 -69 -69
-70 -70 -67
-68 -71 -69
-68 -71 -69
-69 -71 -69
-69 -70 -69
-69 -70 -69
-68 -70 -69
-68 -70 -69
-68 -70 -69
-68 -70 -69
-68 -70 -69
-68 -70 -69
-67 -70 -69
-67 -70 -69
-68 -70 -69
-67 -70 -69
-67 -70 -69
-67 -70 -69
-67 -70 -69
-68 -70 -70
-68 -70 -69
-68 -70 -69
-68 -71 -69
-68 -71 -68
-68 -70 -68
-68 -70 -67
-68 -70 -67
-68 -70 -66
-68 -70 -66
-68 -70 -66
-68 -70 -66
-68 -70 -67
-68 -70 -68
-68 -70 -69
-68 -70 -70
-68 -70 -70
-68 -70 -70
-69 -69 -70
-69 -69 -70
-69 -69 -69
-69 -70 -68
-69 -70 -68
-69 -69 -68
-69 -70 -68
-69 -69 -69
-69 -69 -69
-69 -69 -69
-69 -69 -69
-69 -69 -69
-69 -69 -69
-69 -70 -68
-69 -70 -68
-69 -70 -68
-69 -70 -69
-69 -70 -69
-69 -70 -69
-69 -70 -69
-69 -70 -69
-69 -70 -69
-69 -70 -69
-69 -70 -69
-69 -70 -69
-69 -69 -69
-68 -69 -69
-68 -70 -69
-68 -70 -69
-68 -70 -69
-68 -69 -69
-68 -69 -68
-68 -69 -68
-68 -69 -68
-68 -69 -68
-68 -69 -68
-68 -69 -69
-68 -71 -69
-70 -71 -69
-72 -70 -69
-72 -70 -69
-70 -70 -69
-72 -70 -69
-73 -70 -69
-73 -70 -69
-72 -70 -69
-72 -70 -69
-72 -70 -69
-73 -70 -69
-73 -70 -69
-72 -70 -68
-71 -71 -67
-72 -71 -67
-72 -71 -67
-72 -72 -67
-72 -72 -68
-72 -72 -68
-72 -72 -68
-72 -74 -68
-71 -72 -68
-71 -71 -68
-72 -71 -68
-71 -70 -68
-71 -70 -68
-70 -70 -68
-70 -70 -68
-70 -70 -68
-70 -69 -68
-71 -69 -68
-71 -69 -68
-71 -70 -68
-71 -70 -68
-71 -72 -68
-71 -72 -68
-71 -72 -68
-71 -72 -68
-71 -72 -69
-71 -72 -69
-71 -74 -69
-70 -74 -68
-70 -74 -68
-70 -73 -68
-70 -73 -68
-69 -72 -68
-69 -72 -68
-69 -72 -68
-69 -72 -68
-69 -72 -68
-69 -71 -68
-69 -70 -68
-69 -68 -68
-69 -67 -68
-71 -67 -69
-70 -68 -69
-70 -69 -68
-70 -68 -68
-69 -67 -68
-69 -67 -68
-71 -66 -68
-71 -66 -68
-71 -68 -68
-71 -70 -68
-71 -70 -68
-72 -70 -68
-70 -69 -68
-72 -69 -68
-71 -69 -68
-71 -70 -68
-70 -70 -68
-70 -70 -68
-70 -70 -68
-70 -70 -68
-69 -70 -68
-70 -70 -68
-70 -69 -68
-70 -69 -68
-69 -69 -68
-73 -69 -68
-69 -69 -68
-72 -69 -68
-70 -69 -68
-72 -69 -68
-72 -69 -68
-72 -69 -68
-75 -69 -68
-73 -69 -68
-70 -70 -68
-68 -72 -69
-69 -72 -69
-68 -71 -69
-67 -70 -69
-69 -70 -69
-67 -70 -69
-65 -70 -69
-66 -70 -69
-68 -71 -69
-66 -71 -69
-66 -72 -69
-66 -70 -69
-68 -69 -69
-68 -70 -69
-67 -71 -69
-68 -71 -68
-68 -70 -68
-69 -69 -68
-70 -69 -68
-70 -68 -67
-70 -68 -68
-68 -68 -68
-67 -69 -67
-67 -69 -69
-69 -70 -68
-73 -68 -68
-73 -68 -68
-74 -68 -67
-73 -68 -65
-72 -68 -66
-72 -69 -68
-71 -69 -67
-72 -68 -67
-69 -67 -69
-70 -67 -69
-73 -68 -69
-70 -69 -68
-68 -71 -69
-71 -71 -69
-72 -71 -67
-71 -71 -67
-69 -72 -67
-70 -72 -68
-73 -72 -68
-69 -73 -67
-71 -72 -67
-69 -72 -66
-69 -71 -65
-67 -71 -65
-67 -71 -66
-68 -71 -66
-66 -71 -67
-66 -69 -67
-67 -69 -68
-67 -70 -68
-68 -70 -68
-68 -71 -68
-68 -71 -68
-68 -71 -70
-68 -71 -70
-69 -73 -70
-68 -74 -70
-68 -75 -70
-68 -75 -70
-69 -74 -70
-67 -73 -69
-68 -73 -69
-68 -72 -69
-69 -72 -69
-69 -72 -69
-69 -72 -69
-69 -72 -69
-69 -71 -69
-70 -71 -69
-69 -70 -69
-69 -69 -69
-69 -69 -69
-69 -67 -69
-69 -67 -69
-69 -67 -69
-70 -67 -69
-69 -67 -69
-70 -68 -69
-71 -68 -69
-71 -68 -69
-71 -68 -69
-71 -68 -69
-71 -69 -69
-71 -70 -69
-72 -71 -69
-72 -72 -69
-70 -74 -69
-70 -74 -69
-71 -74 -69
-71 -74 -68
-71 -73 -68
-69 -72 -68
-69 -70 -68
-71 -69 -68
-71 -69 -68
-71 -69 -68
-71 -69 -68
-71 -69 -68
-71 -69 -68
-71 -70 -68
-70 -70 -68
-70 -70 -68
-70 -71 -68
-69 -71 -68
-69 -71 -68
-69 -71 -68
-69 -73 -68
-69 -73 -68
-70 -73 -68
-71 -73 -68
-71 -73 -68
-72 -73 -68
-72 -73 -67
-72 -72 -67
-72 -70 -68
-71 -70 -68
-70 -69 -68
-69 -69 -68
-68 -69 -68
-68 -69 -68
-68 -71 -68
-68 -69 -68
-68 -69 -68
-68 -69 -68
-68 -69 -68
-68 -69 -68
-68 -69 -68
-68 -68 -68
-68 -68 -68
-68 -69 -68
-69 -70 -68
-69 -71 -68
-69 -71 -68
-69 -70 -68
-69 -70 -68
-70 -69 -68
-69 -69 -68
-72 -69 -68
-72 -70 -68
-70 -70 -69
-70 -70 -69
-69 -70 -69
-70 -70 -68
-68 -70 -68
-68 -69 -68
-71 -69 -68
-69 -69 -68
-71 -69 -69
-70 -69 -68
-71 -69 -68
-71 -71 -68
-72 -71 -68
-72 -72 -68
-68 -72 -68
-69 -71 -68
-71 -70 -68
-69 -70 -68
-72 -70 -69
-70 -69 -69
-70 -69 -70
-73 -69 -69
-73 -69 -69
-68 -69 -69
-71 -70 -69
-72 -69 -69
-68 -69 -69
-66 -69 -69
-67 -69 -69
-70 -69 -69
-65 -69 -68
-70 -70 -69
-69 -70 -68
-69 -68 -68
-70 -68 -69
-75 -67 -67
-76 -67 -67
-76 -67 -65
-74 -65 -68
-70 -65 -68
-67 -69 -67
-68 -68 -67
-67 -66 -68
-67 -67 -67
-67 -67 -66
-67 -70 -66
-66 -69 -67
-64 -67 -66
-64 -67 -67
-66 -67 -68
-67 -70 -67
-70 -70 -69
-71 -72 -69
-74 -74 -69
-75 -74 -69
-74 -73 -71
-74 -70 -70
-72 -69 -72
-71 -69 -71
-71 -71 -71
-71 -68 -71
-72 -67 -71
-68 -67 -69
-68 -68 -69
-69 -68 -69
-67 -68 -70
-67 -70 -69
-69 -72 -69
-67 -70 -71
-68 -70 -69
-68 -69 -69
-68 -69 -69
-68 -69 -70
-68 -68 -70
-70 -69 -70
-70 -71 -70
-70 -71 -70
-70 -73 -70
-70 -72 -70
-70 -72 -70
-70 -72 -70
-70 -72 -69
-70 -71 -69
-71 -71 -68
-70 -71 -68
-70 -71 -68
-69 -71 -68
-71 -71 -69
-68 -71 -69
-68 -70 -68
-68 -70 -68
-68 -71 -68
-68 -70 -71
-67 -70 -70
-68 -68 -71
-68 -69 -71
-68 -69 -71
-68 -69 -70
-68 -69 -69
-68 -69 -68
-68 -69 -68
-68 -69 -69
-69 -69 -68
-68 -69 -68
-68 -69 -67
-68 -69 -68
-68 -69 -70
-68 -69 -71
-68 -69 -70
-68 -70 -70
-68 -70 -70
-68 -69 -69
-69 -69 -69
-68 -69 -69
-68 -69 -68
-68 -69 -68
-68 -69 -68
-67 -69 -69
-67 -69 -70
-67 -69 -69
-68 -69 -68
-69 -69 -68
-68 -69 -68
-68 -69 -68
-68 -69 -68
-68 -70 -68
-68 -70 -67
-68 -70 -67
-68 -70 -67
-68 -70 -66
-68 -70 -66
-68 -70 -68
-68 -70 -68
-68 -70 -68
-68 -70 -68
-68 -70 -68
-68 -70 -68
-68 -69 -68
-69 -69 -68
-69 -69 -67
-69 -69 -67
-69 -69 -67
-69 -69 -67
-69 -69 -67
-69 -69 -67
-69 -69 -67
-69 -69 -67
-69 -69 -67
-69 -69 -67
-70 -69 -67
-71 -69 -67
-73 -69 -67
-73 -69 -67
-72 -69 -67
-72 -69 -68
-72 -69 -68
-72 -69 -68
-72 -69 -68
-72 -69 -68
-71 -69 -68
-71 -69 -68
-71 -69 -68
-70 -69 -69
-71 -69 -69
-71 -69 -69
-71 -69 -69
-71 -69 -69
-72 -69 -69
-72 -69 -69
-72 -69 -69
-72 -69 -69
-71 -69 -69
-71 -69 -69
-71 -70 -69
-71 -70 -69
-71 -70 -69
-71 -70 -68
-71 -70 -68
-71 -70 -68
-71 -71 -69
-70 -71 -69
-70 -71 -69
-70 -71 -69
-70 -72 -69
-69 -72 -69
-69 -71 -69
-69 -70 -69
-69 -70 -69
-69 -70 -69
-69 -70 -69
-70 -71 -69
-70 -70 -69
-70 -70 -69
-70 -69 -68
-70 -68 -68
-70 -68 -68
-69 -68 -68
-69 -68 -68
-69 -69 -68
-69 -69 -68
-69 -72 -68
-69 -72 -68
-69 -72 -68
-69 -74 -68
-69 -74 -68
-69 -76 -68
-68 -77 -68
-68 -76 -68
-68 -73 -68
-68 -72 -68
-68 -71 -68
-68 -71 -68
-68 -71 -69
-68 -71 -69
-68 -69 -69
-68 -69 -69
-68 -69 -69
-68 -69 -69
-68 -69 -69
-68 -70 -69
-68 -71 -69
-68 -71 -68
-68 -72 -68
-68 -72 -68
-68 -72 -67
-68 -72 -67
-68 -72 -67
-68 -72 -67
-68 -72 -68
-68 -70 -68
-68 -71 -67
-68 -71 -67
-68 -72 -67
-68 -73 -67
-66 -72 -67
-66 -72 -67
-66 -69 -67
-68 -69 -67
-66 -70 -69
-67 -70 -69
-67 -70 -69
-67 -70 -68
-67 -70 -68
-67 -70 -68
-67 -70 -68
-67 -70 -68
-68 -70 -68
-70 -69 -68
-69 -69 -68
-69 -70 -68
-69 -71 -68
-68 -71 -68
-67 -69 -68
-67 -69 -68
-67 -70 -68
-67 -70 -68
-66 -70 -68
-68 -70 -68
-69 -70 -68
-69 -69 -69
-68 -69 -69
-68 -69 -69
-72 -68 -69
-69 -68 -69
-69 -68 -69
