-71 -71 -69
-71 -71 -69
-71 -71 -69
-71 -71 -69
-71 -71 -68
-71 -71 -68
-71 -71 -68
-71 -71 -68
-71 -71 -68
-71 -70 -68
-71 -70 -67
-71 -70 -67
-71 -70 -69
-71 -70 -68
-71 -70 -67
-71 -70 -67
-71 -71 -69
-71 -71 -67
-71 -70 -68
-72 -70 -68
-72 -70 -68
-72 -71 -68
-71 -71 -68
-73 -71 -68
-71 -71 -68
-69 -71 -68
-69 -71 -68
-70 -71 -68
-69 -70 -68
-70 -70 -68
-70 -70 -68
-70 -70 -68
-70 -69 -68
-69 -69 -68
-69 -69 -68
-69 -68 -68
-69 -68 -68
-69 -68 -69
-69 -69 -69
-69 -69 -69
-69 -69 -69
-71 -69 -68
-69 -70 -68
-69 -70 -68
-71 -70 -68
-70 -70 -68
-71 -70 -68
-69 -70 -68
-71 -70 -68
-69 -69 -68
-70 -70 -68
-71 -70 -68
-68 -70 -68
-70 -70 -68
-69 -70 -68
-69 -70 -68
-69 -70 -68
-68 -72 -68
-68 -72 -68
-68 -72 -68
-68 -70 -69
-69 -70 -70
-69 -70 -71
-70 -70 -71
-70 -71 -70
-70 -71 -70
-71 -70 -70
-71 -70 -70
-69 -70 -70
-68 -70 -70
-72 -71 -69
-71 -71 -69
-69 -71 -69
-72 -71 -69
-70 -71 -69
-71 -71 -69
-68 -70 -69
-70 -70 -69
-69 -70 -69
-69 -69 -69
-69 -69 -69
-69 -70 -68
-71 -70 -68
-70 -70 -68
-70 -69 -68
-70 -69 -69
-69 -69 -69
-69 -69 -69
-71 -69 -69
-69 -69 -69
-71 -69 -69
-70 -69 -69
-69 -69 -69
-69 -71 -69
-70 -72 -69
-69 -72 -69
-70 -72 -69
-71 -72 -69
-68 -72 -69
-67 -72 -68
-67 -71 -68
-68 -71 -68
-68 -71 -69
-68 -71 -69
-69 -71 -69
-68 -71 -69
-68 -71 -69
-70 -71 -69
-70 -71 -69
-67 -71 -69
-67 -71 -69
-67 -73 -69
-67 -72 -69
-67 -71 -69
-67 -71 -67
-67 -71 -67
-70 -71 -68
-69 -71 -68
-68 -71 -69
-68 -70 -69
-68 -70 -69
-68 -70 -69
-69 -70 -69
-69 -70 -69
-67 -71 -69
-67 -71 -70
-67 -71 -70
-68 -71 -70
-69 -71 -70
-71 -71 -70
-73 -72 -70
-70 -72 -70
-69 -72 -70
-69 -72 -69
-70 -72 -69
-69 -72 -69
-71 -72 -69
-70 -71 -69
-67 -72 -69
-68 -72 -70
-70 -73 -72
-70 -73 -71
-71 -73 -71
-69 -72 -71
-69 -72 -71
-70 -72 -71
-69 -71 -71
-69 -70 -71
-70 -70 -71
-70 -70 -71
-70 -72 -69
-70 -72 -68
-69 -72 -69
-69 -71 -71
-70 -71 -70
-72 -71 -70
-69 -71 -70
-67 -69 -70
-67 -69 -71
-69 -69 -70
-70 -69 -69
-68 -68 -69
-68 -69 -69
-73 -68 -69
-75 -69 -69
-71 -69 -70
-69 -67 -71
-67 -67 -71
-67 -68 -69
-68 -69 -69
-69 -69 -71
-70 -69 -70
-72 -69 -67
-72 -68 -70
-71 -69 -68
-71 -68 -68
-70 -70 -68
-69 -72 -70
-69 -72 -75
-71 -69 -76
-72 -69 -74
-72 -67 -73
-74 -67 -73
-74 -67 -73
-74 -67 -70
-74 -67 -70
-76 -67 -70
-74 -68 -71
-73 -69 -71
-73 -69 -70
-73 -70 -68
-74 -70 -69
-74 -72 -71
-74 -72 -71
-74 -71 -70
-74 -70 -69
-75 -68 -68
-73 -68 -68
-73 -68 -68
-72 -67 -68
-71 -67 -69
-71 -67 -70
-70 -69 -71
-70 -70 -71
-72 -69 -71
-73 -71 -72
-75 -71 -72
-75 -71 -72
-73 -71 -73
-73 -71 -72
-71 -71 -73
-69 -71 -71
-71 -71 -71
-70 -71 -72
-71 -71 -71
-73 -72 -71
-73 -72 -71
-73 -69 -70
-73 -69 -71
-73 -68 -72
-71 -68 -70
-71 -68 -69
-70 -68 -70
-70 -70 -70
-73 -70 -70
-74 -71 -70
-73 -70 -69
-74 -70 -71
-73 -70 -71
-73 -72 -71
-71 -72 -71
-71 -73 -71
-69 -72 -70
-69 -72 -70
-68 -72 -70
-67 -72 -70
-68 -72 -70
-69 -72 -70
-69 -72 -69
-71 -72 -68
-69 -72 -68
-69 -72 -68
-70 -72 -68
-70 -72 -68
-71 -72 -68
-72 -72 -68
-70 -73 -68
-70 -73 -68
-72 -72 -69
-72 -72 -69
-72 -72 -68
-70 -71 -69
-68 -69 -69
-66 -67 -69
-64 -67 -69
-64 -67 -66
-63 -67 -66
-63 -67 -67
-63 -67 -67
-63 -68 -67
-63 -69 -67
-63 -69 -67
-64 -69 -68
-64 -69 -68
-64 -69 -68
-64 -69 -68
-66 -69 -68
-67 -69 -68
-67 -69 -68
-67 -69 -68
-68 -72 -68
-68 -72 -70
-68 -71 -70
-70 -68 -69
-69 -68 -68
-71 -68 -69
-69 -68 -69
-67 -68 -69
-66 -71 -69
-64 -73 -71
-63 -72 -69
-63 -71 -69
-63 -71 -69
-63 -70 -69
-64 -70 -69
-66 -70 -69
-66 -70 -69
-67 -70 -69
-68 -71 -69
-68 -71 -68
-67 -69 -68
-67 -71 -69
-66 -71 -67
-65 -70 -68
-65 -70 -67
-64 -70 -67
-64 -70 -67
-64 -71 -67
-64 -71 -67
-64 -71 -67
-64 -70 -67
-64 -70 -67
-64 -70 -67
-64 -70 -69
-66 -71 -69
-67 -71 -69
-69 -70 -69
-71 -71 -69
-70 -71 -69
-67 -71 -69
-67 -71 -69
-67 -71 -69
-71 -72 -69
-74 -72 -69
-77 -72 -69
-75 -72 -69
-71 -71 -69
-69 -71 -69
-66 -70 -69
-67 -69 -69
-69 -69 -69
-70 -69 -69
-70 -69 -69
-70 -69 -68
-72 -69 -68
-78 -69 -68
-76 -69 -68
-76 -69 -68
-74 -70 -68
-71 -72 -67
-69 -72 -67
-64 -72 -67
-63 -69 -67
-63 -71 -67
-67 -72 -67
-73 -72 -67
-67 -71 -67
-65 -73 -68
-66 -73 -68
-68 -72 -68
-70 -72 -68
-72 -72 -68
-72 -71 -68
-73 -71 -68
-72 -71 -69
-73 -71 -72
-73 -70 -72
-75 -70 -71
-74 -70 -71
-72 -70 -70
-70 -71 -71
-67 -71 -71
-67 -71 -71
-66 -70 -71
-66 -69 -71
-66 -69 -71
-65 -69 -71
-64 -71 -70
-64 -71 -70
-63 -71 -71
-64 -71 -71
-66 -70 -70
-73 -70 -70
-72 -70 -70
-69 -70 -69
-67 -70 -69
-65 -70 -69
-65 -70 -69
-65 -70 -71
-64 -70 -71
-64 -70 -70
-64 -70 -70
-64 -70 -68
-65 -69 -69
-65 -69 -69
-65 -73 -69
-65 -72 -69
-65 -69 -69
-66 -68 -68
-66 -68 -68
-66 -68 -70
-65 -70 -68
-65 -71 -67
-66 -73 -69
-66 -73 -69
-66 -71 -69
-67 -71 -69
-67 -70 -69
-67 -69 -69
-68 -67 -69
-69 -66 -69
-69 -66 -68
-69 -66 -68
-70 -66 -69
-69 -70 -69
-69 -72 -69
-67 -71 -68
-67 -68 -68
-66 -67 -68
-67 -67 -68
-68 -67 -67
-68 -69 -68
-70 -71 -69
-70 -73 -69
-71 -74 -69
-73 -73 -68
-71 -71 -68
-72 -70 -69
-72 -69 -69
-73 -69 -69
-74 -69 -67
-73 -69 -68
-74 -70 -71
-71 -71 -70
-69 -71 -70
-69 -71 -70
-71 -72 -70
-71 -73 -70
-72 -74 -69
-72 -72 -70
-72 -72 -70
-74 -70 -69
-73 -70 -71
-73 -69 -71
-70 -69 -71
-68 -69 -70
-67 -69 -70
-67 -70 -70
-67 -70 -70
-67 -70 -68
-67 -70 -68
-67 -70 -68
-67 -70 -68
-68 -71 -68
-68 -73 -69
-68 -73 -68
-68 -73 -69
-69 -73 -70
-69 -73 -70
-69 -72 -70
-68 -72 -70
-68 -70 -70
-70 -70 -69
-70 -70 -69
-70 -70 -70
-70 -70 -71
-69 -69 -70
-69 -70 -69
-69 -70 -70
-69 -71 -70
-69 -71 -70
-70 -71 -70
-70 -71 -70
-70 -72 -70
-70 -72 -70
-69 -72 -70
-69 -73 -69
-69 -73 -69
-69 -72 -69
-69 -72 -69
-70 -73 -69
-71 -72 -69
-69 -72 -70
-69 -72 -70
-68 -72 -70
-68 -72 -69
-68 -72 -70
-67 -72 -71
-67 -72 -71
-67 -71 -71
-67 -71 -71
-67 -71 -69
-68 -71 -69
-68 -71 -69
-68 -71 -69
-68 -71 -69
-68 -71 -68
-68 -71 -68
-68 -71 -68
-68 -71 -68
-69 -71 -68
-70 -70 -68
-71 -70 -68
-70 -70 -68
-68 -70 -69
-68 -70 -69
-68 -70 -69
-68 -70 -69
-70 -70 -69
-70 -70 -69
-70 -71 -69
-69 -73 -69
-69 -73 -69
-69 -74 -70
-69 -74 -71
-69 -74 -71
-69 -73 -71
-69 -73 -70
-70 -74 -70
-70 -75 -69
-69 -73 -69
-69 -71 -69
-69 -71 -69
-68 -71 -69
-68 -70 -69
-68 -70 -70
-68 -70 -70
-71 -70 -71
-70 -72 -70
-69 -74 -69
-72 -75 -69
-72 -73 -69
-70 -71 -69
-71 -70 -70
-73 -70 -69
-73 -70 -69
-72 -70 -69
-71 -70 -69
-72 -70 -70
-72 -70 -70
-74 -69 -69
-73 -69 -71
-74 -69 -71
-74 -69 -69
-74 -69 -71
-74 -69 -71
-74 -69 -69
-74 -71 -69
-72 -71 -69
-73 -75 -71
-74 -73 -71
-76 -73 -69
-73 -73 -70
-72 -71 -71
-69 -71 -70
-68 -71 -69
-66 -72 -69
-66 -72 -69
-66 -72 -68
-67 -73 -68
-69 -73 -70
-69 -73 -71
-69 -73 -67
-67 -71 -67
-67 -71 -70
-67 -68 -68
-66 -68 -68
-64 -68 -70
-63 -68 -66
-63 -68 -66
-63 -67 -67
-63 -67 -67
-63 -68 -67
-65 -68 -67
-65 -68 -67
-64 -69 -68
-65 -69 -67
-65 -69 -67
-65 -69 -68
-69 -69 -67
-70 -68 -68
-73 -69 -68
-75 -69 -67
-77 -69 -68
-74 -69 -68
-75 -69 -70
-74 -69 -71
-74 -70 -72
-71 -70 -70
-69 -70 -71
-68 -71 -71
-69 -71 -69
-73 -70 -69
-72 -70 -69
-70 -69 -68
-71 -69 -69
-75 -68 -69
-73 -68 -69
-69 -68 -69
-69 -69 -69
-72 -69 -69
-73 -69 -69
-74 -69 -69
-74 -69 -69
-70 -68 -69
-72 -68 -69
-75 -69 -69
-74 -69 -68
-75 -69 -68
-75 -69 -68
-75 -70 -67
-75 -70 -68
-72 -70 -69
-68 -70 -69
-72 -69 -69
-70 -69 -69
-72 -69 -68
-72 -69 -68
-70 -69 -68
-68 -68 -69
-70 -68 -68
-74 -69 -68
-71 -69 -69
-71 -69 -69
-68 -71 -69
-66 -71 -69
-66 -70 -69
-65 -69 -69
-63 -69 -68
-63 -69 -68
-64 -69 -68
-64 -69 -68
-62 -69 -68
-64 -69 -68
-67 -69 -68
-69 -69 -68
-66 -69 -67
-68 -70 -68
-70 -70 -68
-69 -70 -68
-73 -70 -69
-70 -70 -69
-70 -70 -69
-70 -70 -69
-66 -71 -69
-68 -70 -69
-71 -69 -69
-68 -69 -69
-72 -69 -69
-71 -70 -68
-71 -71 -67
-71 -70 -67
-70 -70 -67
-69 -70 -69
-69 -71 -69
-69 -71 -69
-70 -72 -69
-67 -72 -69
-70 -70 -69
-71 -70 -69
-68 -70 -69
-70 -70 -69
-69 -69 -69
-67 -69 -68
-69 -70 -68
-67 -70 -68
-67 -70 -68
-69 -70 -68
-69 -70 -67
-68 -71 -68
-70 -72 -68
-70 -73 -68
-69 -73 -68
-68 -73 -69
-69 -70 -69
-68 -71 -69
-69 -71 -69
-69 -72 -69
-69 -72 -69
-69 -71 -69
-68 -71 -69
-68 -71 -68
-68 -71 -68
-69 -72 -68
-69 -72 -68
-69 -72 -68
-69 -72 -68
-69 -72 -68
-69 -71 -68
-69 -71 -68
-69 -71 -68
-69 -71 -68
-69 -71 -68
-69 -72 -68
-69 -72 -68
-69 -72 -69
-68 -72 -69
-68 -72 -69
-68 -72 -69
-68 -72 -68
-68 -73 -68
-68 -73 -68
-68 -73 -68
-68 -72 -68
-68 -72 -68
-68 -71 -68
-68 -71 -68
-68 -71 -68
-68 -71 -68
-68 -72 -68
-68 -72 -69
-68 -72 -69
-68 -72 -69
-68 -71 -69
-68 -70 -69
-68 -70 -69
-69 -70 -69
-69 -70 -69
-69 -70 -69
-69 -70 -69
-69 -72 -69
-69 -74 -69
-69 -75 -69
-69 -74 -69
-69 -74 -69
-69 -75 -69
-69 -74 -69
-69 -74 -69
-69 -73 -69
-69 -73 -69
-69 -72 -69
-69 -73 -69
-69 -73 -69
-69 -73 -69
-69 -73 -69
-69 -74 -69
-69 -74 -68
-69 -74 -68
-69 -73 -68
-69 -73 -68
-69 -76 -68
-69 -75 -68
-69 -72 -68
-69 -71 -68
-69 -71 -68
-69 -69 -68
-69 -68 -68
-69 -68 -68
-69 -68 -68
-69 -69 -68
-69 -69 -68
-69 -69 -68
-69 -70 -68
-69 -70 -68
-69 -70 -68
-69 -70 -68
-69 -70 -68
-69 -70 -68
-70 -70 -68
-70 -70 -68
-70 -69 -69
-72 -69 -69
-72 -69 -69
-71 -69 -69
-72 -69 -69
-72 -69 -69
-72 -69 -69
-72 -69 -69
-72 -69 -69
-72 -69 -69
-71 -69 -69
-71 -69 -69
-71 -69 -69
-71 -69 -69
-71 -69 -69
-71 -69 -68
-71 -69 -68
-71 -69 -68
-71 -69 -68
-71 -71 -68
-71 -71 -68
-71 -72 -68
-71 -73 -68
-71 -74 -68
-71 -73 -68
-72 -72 -68
-72 -71 -68
-72 -71 -68
-72 -71 -68
-72 -69 -68
-71 -69 -68
-71 -69 -68
-71 -69 -68
-71 -69 -68
-71 -69 -67
-71 -69 -68
-70 -69 -68
-70 -69 -67
-70 -69 -67
-71 -69 -67
-71 -70 -67
-71 -70 -67
-71 -70 -67
-71 -70 -67
-71 -70 -67
-71 -70 -67
-71 -70 -67
-71 -70 -67
-71 -70 -68
-71 -70 -68
-71 -70 -68
-71 -70 -68
-71 -70 -68
-71 -70 -68
-71 -70 -68
-70 -70 -68
-70 -70 -68
-70 -70 -69
-68 -70 -69
-68 -70 -69
-69 -70 -69
-69 -70 -69
-69 -70 -69
-69 -70 -69
-69 -70 -69
-69 -70 -69
-69 -70 -69
-69 -71 -69
-69 -71 -69
-69 -72 -69
-69 -72 -69
-70 -72 -69
-70 -72 -69
-70 -70 -69
-70 -70 -69
-69 -71 -69
-69 -71 -69
-69 -71 -69
-70 -71 -69
-70 -69 -69
-70 -69 -69
-69 -69 -69
-69 -70 -69
-69 -70 -69
-69 -70 -69
-69 -69 -69
-69 -69 -69
-69 -69 -69
-69 -69 -69
-69 -69 -69
-69 -70 -69
-69 -72 -69
-69 -72 -68
-69 -72 -68
-69 -70 -68
-69 -70 -68
-69 -69 -69
-69 -69 -69
-69 -69 -69
-69 -69 -68
-69 -69 -68
-69 -70 -68
-69 -70 -68
-69 -70 -68
-69 -70 -68
-70 -70 -69
-71 -70 -69
-71 -70 -69
-71 -70 -69
-70 -70 -68
-70 -69 -68
-70 -69 -68
-70 -69 -68
-69 -69 -68
-69 -70 -68
-69 -70 -68
-69 -70 -68
-69 -70 -68
-70 -69 -68
-70 -69 -68
-69 -70 -68
-70 -70 -68
-70 -70 -68
-69 -70 -67
-69 -69 -67
-69 -69 -68
-69 -70 -68
-69 -70 -68
-69 -70 -68
-68 -70 -67
-68 -70 -67
-68 -70 -69
-69 -70 -68
-70 -70 -68
-70 -70 -68
-70 -69 -68
-70 -69 -68
-69 -69 -68
-69 -69 -68
-69 -69 -68
-69 -69 -70
-69 -69 -71
-70 -69 -72
-70 -69 -72
-70 -69 -71
-70 -69 -68
-70 -70 -67
-71 -68 -68
-71 -69 -68
-71 -69 -67
-71 -69 -67
-70 -69 -68
-70 -69 -68
-71 -69 -68
-73 -69 -68
-73 -70 -68
-72 -70 -69
-69 -70 -70
-69 -70 -71
-69 -70 -70
-68 -70 -70
-68 -70 -70
-70 -70 -70
-71 -70 -69
-71 -70 -68
-73 -70 -68
-71 -70 -68
-71 -70 -68
-73 -70 -68
-72 -69 -69
-70 -69 -69
-70 -69 -69
-69 -69 -69
-67 -69 -68
-68 -69 -68
-68 -69 -68
-68 -69 -68
-68 -69 -68
-68 -70 -68
-68 -70 -68
-68 -70 -68
-68 -70 -68
-68 -70 -68
-69 -70 -68
-69 -70 -68
-69 -70 -68
-70 -69 -68
-72 -69 -68
-72 -69 -68
-72 -69 -68
-72 -69 -69
-73 -69 -69
-70 -69 -70
-70 -69 -71
-69 -69 -69
-69 -70 -71
-69 -70 -71
-69 -70 -68
-69 -70 -68
-69 -70 -68
-69 -70 -68
-69 -70 -68
-69 -70 -68
-69 -70 -68
-70 -70 -68
-71 -71 -68
-69 -71 -68
-69 -71 -68
-69 -71 -68
-69 -71 -68
-69 -71 -67
-68 -71 -67
-68 -70 -67
-68 -70 -67
-68 -70 -67
-68 -70 -67
-68 -70 -67
-69 -70 -67
-69 -70 -68
-69 -70 -68
-69 -70 -68
-69 -70 -70
-69 -71 -70
-69 -71 -70
-69 -71 -70
-69 -71 -70
-70 -71 -70
-70 -71 -70
-70 -71 -70
-70 -71 -70
-69 -71 -70
-69 -70 -70
-69 -70 -70
-69 -70 -70
-69 -70 -70
-69 -70 -70
-69 -70 -70
-69 -70 -70
-69 -70 -70
-69 -71 -70
-69 -71 -70
-69 -71 -70
-69 -71 -70
-69 -71 -70
-69 -71 -70
-69 -71 -70
-69 -71 -70
-69 -71 -70
-69 -71 -70
-69 -71 -70
-69 -70 -70
-69 -71 -70
-69 -71 -70
-69 -71 -70
-69 -71 -70
-69 -71 -70
-69 -71 -70
-69 -71 -71
-69 -71 -71
-69 -71 -71
-69 -71 -70
-69 -71 -70
-69 -70 -70
-69 -70 -70
-69 -70 -70
-69 -70 -70
-69 -71 -70
-69 -71 -70
-69 -71 -70
-69 -71 -70
-69 -71 -70
-69 -71 -69
-69 -71 -68
-69 -71 -68
-70 -71 -68
-72 -71 -68
-73 -71 -68
-70 -71 -68
-69 -71 -68
-69 -71 -68
-69 -71 -68
-69 -71 -68
-69 -71 -68
-69 -71 -68
-69 -71 -68
-69 -71 -68
-69 -71 -67
-69 -71 -68
-69 -71 -68
-69 -71 -67
-69 -71 -66
-69 -71 -66
-69 -71 -66
-69 -71 -66
-69 -71 -66
-69 -71 -67
-69 -71 -68
-69 -71 -68
-69 -71 -68
-69 -71 -68
-69 -71 -68
-69 -71 -68
-69 -71 -68
-69 -72 -68
-69 -72 -68
-70 -72 -68
-70 -72 -68
-69 -72 -68
-69 -72 -68
-69 -72 -68
-69 -72 -68
-70 -72 -68
-70 -72 -68
-70 -71 -68
-70 -71 -68
-70 -71 -68
-70 -71 -68
-70 -71 -68
-70 -71 -68
-70 -71 -68
-70 -71 -68
-70 -71 -68
-70 -71 -68
-70 -71 -68
-68 -71 -68
-68 -71 -68
-68 -71 -68
-68 -70 -68
-68 -70 -68
-68 -70 -68
-68 -70 -68
-68 -70 -68
-68 -69 -68
-68 -69 -68
-68 -69 -68
-68 -70 -68
-68 -70 -68
-68 -70 -69
-69 -70 -68
-71 -70 -68
-73 -70 -68
-73 -70 -68
-71 -70 -68
-73 -70 -68
-73 -70 -70
-72 -70 -70
-73 -70 -70
-74 -71 -70
-73 -71 -70
-73 -72 -70
-71 -72 -69
-71 -72 -69
-71 -72 -69
-71 -70 -69
-71 -70 -69
-71 -70 -69
-69 -70 -69
-69 -70 -68
-69 -70 -68
-69 -70 -68
-69 -70 -68
-69 -69 -68
-69 -69 -68
-69 -69 -68
-69 -70 -68
-69 -70 -68
-68 -70 -68
-68 -73 -68
-68 -74 -68
-68 -74 -68
-68 -74 -68
-68 -74 -68
-68 -74 -68
-68 -72 -68
-68 -72 -68
-68 -73 -68
-68 -71 -68
-69 -71 -68
-69 -71 -68
-69 -71 -68
-69 -71 -68
-69 -69 -68
-69 -69 -68
-69 -68 -68
-69 -68 -68
-69 -68 -68
-69 -68 -68
-69 -69 -68
-69 -69 -68
-69 -69 -68
-69 -69 -68
-69 -70 -68
-69 -70 -70
-69 -71 -70
-69 -69 -71
-69 -69 -71
-69 -70 -71
-69 -70 -71
-69 -71 -71
-69 -71 -70
-69 -71 -69
-69 -71 -69
-69 -70 -69
-71 -70 -69
-72 -70 -69
-70 -70 -69
-69 -70 -69
-69 -72 -69
-69 -72 -68
-69 -72 -68
-69 -73 -68
-69 -72 -68
-69 -72 -68
-69 -72 -68
-69 -72 -68
-69 -71 -68
-68 -70 -68
-68 -70 -68
-69 -70 -68
-69 -72 -68
-68 -72 -68
-69 -73 -68
-68 -73 -68
-68 -73 -68
-68 -72 -68
-68 -72 -68
-68 -72 -68
-68 -71 -68
-70 -70 -68
-68 -70 -68
-68 -71 -68
-70 -71 -68
-68 -71 -68
-68 -71 -68
-66 -70 -68
-68 -69 -68
-68 -69 -68
-68 -70 -68
-68 -71 -68
-69 -70 -68
-67 -70 -68
-71 -70 -68
-70 -70 -67
-70 -70 -67
-66 -70 -67
-67 -70 -68
-70 -70 -68
-68 -70 -68
-68 -70 -68
-69 -68 -69
-69 -68 -69
-69 -70 -69
-68 -70 -69
-69 -70 -69
-74 -70 -69
-70 -70 -68
-72 -70 -68
-70 -70 -68
-71 -70 -68
-74 -70 -68
-74 -70 -68
-74 -70 -68
-72 -70 -68
-69 -70 -68
-69 -70 -69
-71 -70 -69
-70 -69 -69
-67 -69 -69
-68 -69 -69
-68 -69 -69
-70 -71 -69
-67 -71 -69
-63 -70 -69
-63 -70 -69
-63 -71 -69
-66 -71 -68
-72 -70 -68
-70 -70 -68
-66 -72 -68
-64 -71 -68
-63 -71 -68
-62 -72 -68
-64 -71 -68
-72 -71 -68
-72 -72 -68
-65 -70 -68
-63 -71 -68
-63 -71 -68
-64 -72 -68
-70 -72 -68
-71 -72 -68
-70 -72 -68
-68 -71 -67
-68 -71 -67
-71 -71 -67
-72 -71 -67
-70 -71 -67
-67 -70 -67
-67 -70 -68
-67 -70 -68
-67 -70 -67
-67 -71 -67
-68 -71 -66
-68 -71 -68
-67 -69 -68
-65 -70 -68
-65 -70 -67
-65 -69 -68
-64 -68 -70
-65 -70 -69
-65 -71 -65
-65 -71 -66
-66 -71 -70
-66 -67 -69
-66 -69 -66
-67 -69 -66
-67 -68 -69
-67 -67 -67
-69 -67 -67
-69 -67 -67
-72 -68 -67
-75 -68 -67
-74 -69 -67
-75 -69 -68
-75 -70 -68
-73 -70 -66
-73 -68 -66
-77 -68 -68
-73 -68 -68
-74 -67 -67
-72 -69 -67
-71 -71 -66
-69 -68 -68
-69 -68 -66
-70 -68 -67
-71 -70 -67
-68 -71 -69
-67 -71 -68
-65 -71 -67
-65 -71 -70
-65 -69 -69
-66 -70 -69
-69 -69 -69
-71 -72 -70
-71 -70 -71
-72 -70 -68
-72 -70 -70
-75 -71 -69
-76 -71 -66
-75 -71 -68
-73 -69 -68
-73 -72 -66
-71 -72 -67
-72 -72 -70
-72 -72 -69
-71 -71 -66
-71 -68 -67
-71 -68 -67
-71 -67 -68
-69 -67 -69
-69 -67 -67
-70 -67 -68
-72 -68 -69
-72 -70 -70
-70 -70 -71
-67 -71 -71
-66 -71 -71
-70 -71 -71
-73 -71 -71
-73 -71 -72
-73 -71 -73
-75 -71 -72
-74 -72 -72
-72 -72 -71
-72 -72 -71
-74 -73 -72
-74 -72 -72
-73 -72 -73
-72 -72 -72
-72 -72 -73
-72 -72 -73
-73 -72 -73
-73 -72 -72
-73 -71 -72
-72 -70 -72
-69 -70 -71
-68 -70 -70
-68 -70 -72
-70 -71 -72
-72 -71 -73
-70 -72 -73
-68 -72 -73
-67 -72 -73
-67 -72 -72
-67 -72 -72
-67 -72 -70
-67 -71 -70
-67 -71 -69
-67 -71 -69
-67 -71 -69
-67 -71 -69
-67 -71 -69
-67 -71 -69
-67 -71 -69
-67 -71 -69
-67 -71 -69
-67 -71 -69
-71 -71 -69
-71 -71 -69
-71 -71 -69
-70 -71 -70
-70 -71 -70
-70 -71 -70
-70 -71 -71
-69 -71 -70
-70 -71 -70
-70 -71 -70
-69 -72 -70
-70 -71 -69
-70 -71 -69
-70 -71 -68
-69 -71 -68
-69 -71 -69
-68 -72 -70
-66 -73 -71
-66 -72 -71
-66 -72 -70
-67 -70 -70
-67 -69 -70
-67 -68 -70
-67 -70 -70
-67 -70 -72
-67 -68 -71
-67 -68 -69
-67 -68 -70
-67 -68 -71
-69 -68 -70
-69 -68 -70
-68 -68 -70
-68 -69 -69
-70 -68 -71
-70 -68 -72
-69 -69 -70
-70 -69 -72
-72 -69 -72
-71 -70 -70
-72 -71 -70
-70 -73 -69
-69 -73 -69
-68 -73 -70
-67 -69 -69
-65 -70 -69
-64 -69 -69
-64 -70 -69
-65 -70 -69
-65 -68 -69
-65 -68 -69
-67 -68 -68
-68 -69 -67
-69 -69 -67
-71 -69 -67
-73 -70 -67
-75 -69 -66
-75 -69 -69
-75 -69 -68
-73 -70 -68
-72 -70 -69
-73 -70 -68
-75 -70 -69
-76 -70 -69
-75 -70 -69
-73 -70 -69
-72 -70 -69
-73 -70 -68
-72 -70 -68
-73 -70 -68
-71 -70 -67
-69 -70 -67
-67 -70 -67
-66 -70 -67
-65 -70 -68
-66 -70 -68
-70 -72 -68
-74 -73 -70
-74 -73 -69
-72 -71 -69
-73 -69 -69
-69 -69 -69
-71 -70 -69
-69 -70 -68
-66 -70 -68
-66 -71 -69
-65 -71 -70
-66 -71 -72
-67 -71 -70
-67 -71 -70
-71 -71 -70
-72 -71 -70
-72 -71 -70
-73 -71 -69
-72 -71 -69
-70 -70 -69
-68 -73 -69
-68 -73 -69
-66 -74 -69
-66 -74 -69
-69 -74 -69
-69 -72 -69
-71 -70 -69
-73 -71 -68
-75 -72 -68
-78 -70 -68
-76 -70 -68
-74 -70 -69
-76 -71 -69
-74 -70 -69
-73 -69 -69
-74 -69 -68
-74 -70 -68
-74 -68 -68
-72 -68 -67
-73 -71 -68
-68 -69 -67
-70 -69 -67
-68 -70 -67
-68 -70 -67
-69 -69 -68
-68 -70 -68
-70 -70 -68
-69 -70 -68
-68 -70 -68
-70 -70 -68
-71 -71 -68
-69 -71 -68
-72 -71 -68
-69 -70 -68
-70 -70 -67
-72 -70 -67
-71 -70 -67
-70 -70 -68
-70 -70 -68
-70 -70 -68
-70 -70 -68
-69 -70 -68
-69 -70 -67
-69 -71 -67
-69 -71 -67
-69 -70 -68
-69 -70 -68
-69 -70 -68
-69 -71 -68
-68 -72 -68
-68 -71 -68
-69 -71 -67
-69 -71 -67
-70 -71 -67
-70 -71 -68
-71 -73 -68
-71 -75 -68
-72 -75 -68
-71 -75 -68
-70 -76 -68
-71 -75 -68
-71 -74 -68
-71 -72 -68
-71 -72 -69
-71 -72 -71
-70 -72 -71
-70 -70 -69
-70 -70 -71
-70 -69 -71
-70 -69 -71
-69 -69 -70
-69 -69 -69
-71 -69 -69
-69 -69 -69
-69 -69 -69
-69 -69 -69
-70 -70 -69
-72 -70 -69
-73 -71 -69
-73 -71 -69
-72 -71 -69
-71 -73 -69
-70 -73 -69
-68 -74 -69
-70 -74 -69
-70 -73 -69
-71 -73 -69
-70 -72 -69
-69 -72 -69
-70 -71 -69
-69 -70 -69
-69 -70 -69
-69 -71 -69
-69 -71 -69
-69 -71 -69
-69 -70 -69
-70 -71 -69
-70 -71 -69
-70 -70 -69
-70 -70 -69
-70 -69 -68
-70 -69 -68
-69 -70 -68
-69 -72 -68
-69 -72 -68
-70 -72 -68
-70 -71 -68
-71 -72 -68
-71 -72 -68
-70 -72 -68
-70 -72 -68
-70 -72 -68
-70 -71 -70
-69 -70 -71
-69 -70 -71
-70 -71 -70
-70 -71 -69
-70 -72 -69
-70 -73 -69
-70 -72 -69
-70 -72 -69
-70 -71 -69
-70 -70 -69
-70 -70 -69
-70 -70 -69
-70 -70 -69
-70 -70 -69
-70 -70 -69
-70 -70 -68
-70 -70 -68
-70 -70 -68
-70 -70 -68
-70 -70 -68
-70 -70 -68
-70 -70 -69
-70 -70 -69
-70 -70 -69
-70 -70 -69
-70 -70 -69
-70 -70 -69
-70 -70 -69
-70 -70 -69
-70 -70 -70
-70 -70 -70
-70 -70 -70
-70 -70 -70
-70 -70 -70
-70 -70 -70
-70 -70 -70
-70 -70 -70
-69 -70 -69
-69 -70 -69
-70 -71 -68
-70 -71 -68
-70 -71 -68
-70 -71 -68
-70 -72 -68
-70 -73 -68
-70 -73 -68
-69 -73 -68
-69 -73 -68
-69 -73 -69
-69 -73 -68
-69 -74 -68
-69 -74 -68
-69 -74 -68
-69 -73 -68
-69 -74 -68
-69 -74 -68
-69 -74 -68
-70 -74 -68
-70 -74 -68
-70 -73 -68
-70 -72 -67
-68 -71 -67
-68 -71 -67
-68 -71 -67
-68 -71 -67
-68 -70 -67
-68 -68 -68
-68 -69 -68
-68 -69 -68
-68 -70 -68
-68 -70 -68
-69 -71 -68
-69 -71 -68
-69 -73 -69
-69 -73 -69
-69 -75 -69
-70 -77 -70
-69 -76 -69
-69 -77 -70
-69 -77 -69
-71 -76 -69
-70 -76 -68
-71 -77 -68
-70 -77 -68
-72 -75 -68
-70 -73 -68
-70 -73 -68
-69 -73 -68
-70 -73 -68
-70 -72 -68
-70 -72 -68
-70 -71 -68
-70 -71 -68
-70 -72 -68
-71 -72 -68
-70 -72 -68
-70 -71 -68
-70 -71 -68
-70 -71 -68
-71 -70 -68
-71 -68 -68
-71 -69 -68
-72 -69 -68
-72 -69 -68
-72 -70 -68
-70 -72 -68
-72 -71 -69
-71 -71 -69
-70 -71 -69
-72 -71 -70
-71 -70 -70
-73 -70 -69
-73 -70 -69
-72 -70 -69
-74 -70 -69
-72 -70 -69
-72 -70 -69
-72 -70 -69
-69 -71 -69
-72 -71 -69
-73 -71 -69
-70 -71 -69
-70 -70 -69
-71 -70 -69
-71 -70 -69
-71 -72 -69
-70 -72 -70
-68 -72 -70
-68 -72 -70
-71 -71 -69
-76 -71 -69
-71 -71 -69
-66 -71 -69
-65 -71 -69
-67 -71 -69
-73 -71 -69
-68 -71 -68
-70 -72 -68
-71 -72 -68
-68 -70 -68
-68 -72 -68
-69 -72 -68
-69 -73 -68
-69 -73 -68
-67 -72 -68
-68 -72 -68
-70 -71 -68
-66 -71 -68
-66 -71 -69
-67 -71 -69
-67 -71 -69
-67 -72 -69
-71 -72 -68
-72 -72 -68
-68 -72 -68
-64 -72 -68
-65 -71 -68
-71 -70 -68
-69 -71 -68
-67 -71 -67
-67 -71 -68
-71 -71 -68
-70 -71 -68
-70 -71 -68
-70 -70 -68
-70 -70 -68
-68 -70 -68
-68 -71 -69
-68 -71 -69
-70 -71 -67
-69 -69 -68
-67 -69 -68
-65 -69 -68
-65 -69 -68
-66 -69 -68
-66 -69 -68
-66 -69 -68
-67 -70 -68
-74 -70 -69
-74 -70 -69
-71 -70 -69
-67 -70 -69
-69 -70 -69
-76 -70 -69
-71 -70 -69
-68 -70 -70
-66 -70 -70
-67 -69 -68
-72 -70 -68
-72 -70 -68
-70 -70 -68
-74 -70 -68
-67 -70 -67
-67 -70 -68
-68 -70 -68
-69 -70 -68
-68 -71 -68
-69 -71 -68
-69 -71 -68
-70 -71 -69
-70 -71 -69
-71 -70 -69
-72 -70 -69
-69 -70 -69
-73 -70 -69
-71 -70 -69
-70 -69 -69
-72 -69 -69
-72 -69 -69
-70 -70 -69
-69 -70 -69
-69 -71 -69
-68 -72 -69
-69 -72 -69
-70 -73 -69
-69 -74 -69
-69 -74 -69
-69 -73 -68
-70 -73 -67
-68 -73 -67
-68 -73 -67
-68 -71 -67
-68 -71 -67
-69 -71 -67
-68 -71 -68
-68 -71 -68
-68 -71 -69
-69 -71 -69
-69 -72 -69
-70 -73 -69
-71 -74 -69
-70 -74 -69
-70 -74 -68
-70 -73 -68
-70 -72 -67
-71 -72 -67
-71 -70 -67
-71 -70 -67
-70 -70 -67
-70 -70 -67
-70 -70 -67
-69 -70 -67
-69 -70 -67
-69 -70 -67
-69 -70 -67
-69 -70 -67
-69 -70 -67
-69 -70 -68
-69 -73 -68
-68 -73 -68
-70 -73 -68
-69 -73 -68
-69 -73 -70
-69 -73 -70
-69 -72 -71
-69 -72 -71
-69 -72 -71
-69 -71 -71
-69 -71 -70
-69 -71 -71
-69 -71 -71
-69 -71 -70
-69 -71 -70
-69 -71 -70
-69 -71 -69
-69 -71 -69
-69 -70 -69
-69 -70 -69
-69 -70 -69
-69 -70 -69
-69 -71 -69
-69 -71 -69
-69 -71 -69
-69 -71 -69
-69 -71 -68
-69 -71 -68
-69 -71 -68
-69 -71 -68
-69 -71 -68
-69 -70 -69
-69 -70 -69
-69 -70 -69
-69 -69 -68
-69 -69 -68
-69 -69 -68
-69 -70 -68
-69 -70 -68
-69 -70 -68
-69 -70 -68
-69 -69 -68
-69 -69 -68
-69 -69 -68
-69 -69 -68
-69 -69 -68
-69 -69 -68
-69 -69 -68
-69 -70 -68
-69 -70 -68
-69 -70 -68
-69 -70 -68
-69 -70 -68
-69 -70 -68
-69 -71 -68
-69 -71 -68
-69 -70 -68
-70 -70 -68
-70 -70 -68
-70 -70 -68
-70 -70 -68
-70 -70 -68
-70 -70 -68
-70 -70 -68
-70 -70 -68
-70 -70 -68
-70 -70 -68
-71 -70 -68
-72 -69 -68
-72 -69 -68
-72 -69 -68
-72 -69 -68
-72 -69 -68
-72 -70 -68
-72 -70 -68
-72 -70 -68
-72 -70 -68
-72 -70 -69
-72 -70 -69
-73 -70 -69
-72 -70 -69
-72 -70 -68
-72 -70 -68
-72 -70 -68
-71 -70 -68
-71 -70 -68
-71 -71 -68
-71 -71 -68
-73 -70 -68
-71 -70 -68
-71 -70 -69
-71 -70 -70
-69 -70 -70
-69 -70 -71
-69 -70 -71
-69 -70 -71
-69 -70 -71
-67 -70 -71
-70 -70 -71
-68 -70 -70
-69 -70 -70
-70 -70 -70
-70 -70 -70
-70 -70 -69
-69 -70 -69
-70 -70 -69
-69 -70 -69
-69 -71 -69
-69 -71 -69
-70 -71 -69
-70 -71 -69
-72 -71 -70
-73 -71 -70
-73 -70 -70
-72 -70 -69
-72 -69 -69
-72 -69 -69
-72 -70 -69
-71 -70 -69
-71 -70 -69
-70 -71 -69
-69 -72 -69
-70 -73 -69
-70 -72 -69
-68 -72 -69
-68 -72 -68
-70 -71 -68
-69 -72 -68
-68 -72 -68
-68 -73 -68
-68 -72 -69
-69 -72 -68
-69 -70 -68
-70 -70 -68
-68 -70 -68
-70 -70 -68
-69 -70 -70
-69 -70 -70
-69 -71 -70
-69 -71 -70
-69 -71 -70
-69 -71 -69
-69 -71 -69
-69 -71 -69
-69 -71 -69
-69 -71 -69
-70 -71 -69
-70 -71 -69
-70 -71 -69
-68 -71 -69
-69 -71 -70
-70 -72 -70
-70 -73 -70
-71 -73 -71
-72 -72 -71
-72 -72 -71
-74 -72 -72
-72 -72 -71
-71 -72 -71
-71 -73 -71
-67 -72 -70
-67 -71 -70
-67 -70 -70
-67 -69 -70
-67 -69 -70
-67 -69 -71
-68 -69 -73
-71 -69 -73
-73 -71 -73
-70 -71 -73
-70 -72 -73
-70 -72 -72
-72 -72 -72
-73 -71 -72
-73 -69 -74
-72 -68 -72
-72 -68 -70
-71 -67 -69
-73 -66 -68
-74 -67 -67
-75 -67 -69
-73 -67 -71
-72 -69 -68
-72 -69 -68
-70 -67 -69
-69 -67 -69
-68 -67 -68
-68 -66 -67
-68 -66 -67
-69 -67 -66
-69 -67 -65
-69 -67 -65
-70 -67 -65
-70 -68 -66
-70 -68 -66
-70 -68 -66
-70 -68 -66
-70 -68 -66
-70 -68 -66
-70 -68 -66
-70 -68 -66
-70 -68 -66
-70 -68 -65
-70 -68 -65
-70 -68 -65
-70 -68 -65
-70 -68 -65
-70 -68 -65
-70 -67 -65
-70 -67 -66
-70 -67 -66
-70 -67 -66
-71 -67 -66
-71 -67 -66
-71 -67 -66
-70 -67 -66
-70 -67 -66
-70 -70 -66
-70 -72 -66
-70 -72 -66
-70 -71 -66
-70 -69 -65
-70 -71 -65
-70 -71 -65
-70 -73 -65
-70 -73 -65
-70 -72 -65
-70 -72 -65
-70 -72 -65
-69 -70 -65
-70 -69 -66
-70 -69 -67
-70 -69 -67
-70 -68 -68
-70 -68 -68
-69 -68 -68
-69 -67 -68
-69 -67 -67
-69 -67 -67
-68 -67 -67
-67 -67 -67
-67 -67 -68
-68 -70 -68
-71 -68 -68
-73 -68 -67
-75 -68 -67
-73 -68 -64
-70 -68 -66
-71 -71 -70
-73 -70 -72
-72 -69 -72
-71 -69 -71
-72 -69 -70
-71 -71 -71
-68 -71 -71
-67 -71 -70
-67 -71 -69
-67 -72 -69
-68 -73 -69
-70 -73 -68
-71 -73 -68
-71 -73 -68
-71 -72 -68
-70 -71 -68
-69 -69 -68
-70 -69 -68
-70 -69 -68
-69 -69 -68
-71 -71 -69
-69 -71 -70
-70 -71 -70
-68 -71 -70
-69 -71 -70
-69 -71 -70
-69 -71 -70
-69 -71 -71
-68 -71 -70
-68 -72 -71
-68 -72 -71
-68 -73 -72
-68 -74 -71
-69 -73 -71
-69 -72 -71
-69 -71 -71
-69 -71 -71
-70 -70 -71
-69 -69 -71
-69 -69 -71
-70 -69 -71
-71 -69 -70
-71 -69 -72
-71 -72 -70
-70 -73 -70
-70 -73 -70
-70 -73 -68
-70 -73 -68
-72 -72 -67
-70 -72 -67
-70 -71 -68
-70 -71 -68
-69 -71 -69
-69 -70 -69
-69 -70 -69
-69 -70 -69
-69 -70 -69
-68 -70 -69
-68 -70 -69
-68 -70 -69
-68 -71 -69
-68 -71 -69
-69 -70 -69
-72 -70 -69
-73 -70 -69
-73 -71 -69
-72 -71 -69
-72 -71 -69
-72 -71 -69
-72 -71 -68
-72 -70 -68
-72 -70 -68
-73 -70 -68
-70 -70 -67
-70 -70 -67
-70 -70 -68
-70 -70 -68
-70 -70 -68
-69 -70 -68
-70 -70 -68
-69 -70 -68
-69 -70 -68
-69 -70 -68
-69 -71 -68
-69 -71 -68
-69 -71 -68
-69 -71 -68
-69 -71 -68
-69 -71 -68
-69 -71 -68
-69 -71 -68
-69 -71 -68
-69 -71 -68
-70 -71 -68
-70 -71 -68
-70 -71 -69
-70 -71 -69
-70 -70 -70
-70 -70 -70
-70 -70 -69
-70 -70 -69
-70 -70 -69
-70 -70 -69
-70 -70 -69
-68 -71 -69
-68 -71 -68
-68 -71 -68
-68 -70 -68
-68 -70 -68
-68 -70 -68
-68 -70 -68
-68 -70 -69
-69 -70 -69
-69 -70 -69
-69 -69 -69
-69 -69 -69
-70 -69 -69
-69 -69 -69
-69 -69 -69
-69 -69 -69
-69 -69 -69
-69 -69 -69
-69 -69 -69
-69 -70 -69
-69 -70 -69
-69 -70 -69
-71 -70 -69
-72 -69 -69
-72 -69 -69
-72 -70 -69
-72 -70 -69
-72 -70 -69
-72 -70 -70
-72 -71 -71
-72 -70 -71
-72 -70 -71
-71 -70 -71
-71 -71 -71
-71 -71 -70
-71 -71 -70
-72 -70 -70
-72 -69 -69
-72 -69 -69
-71 -69 -69
-71 -70 -69
-70 -70 -69
-70 -70 -69
-69 -70 -69
-69 -72 -69
-69 -72 -69
-69 -72 -69
-69 -71 -69
-69 -73 -69
-69 -74 -69
-69 -73 -69
-69 -72 -69
-69 -74 -69
-69 -76 -69
-69 -75 -69
-70 -77 -69
-70 -76 -69
-70 -74 -69
-69 -71 -69
-69 -71 -69
-69 -71 -69
-69 -70 -68
-69 -70 -68
-69 -69 -68
-69 -68 -68
-69 -68 -68
-69 -69 -68
-69 -69 -68
-69 -69 -68
-69 -69 -68
-69 -69 -68
-69 -70 -68
-69 -70 -68
-69 -70 -68
-70 -70 -68
-70 -70 -68
-70 -71 -68
-70 -72 -68
-70 -73 -68
-70 -73 -68
-70 -73 -68
-70 -73 -68
-70 -73 -68
-70 -73 -68
-70 -73 -68
-70 -74 -68
-70 -75 -68
-70 -75 -68
-70 -74 -68
-70 -74 -68
-70 -73 -68
-70 -73 -68
-70 -72 -68
-70 -73 -68
-70 -74 -68
-70 -74 -67
-70 -73 -67
-69 -72 -67
-69 -71 -67
-69 -71 -67
-69 -71 -68
-69 -71 -68
-69 -71 -68
-69 -71 -68
-69 -70 -68
-69 -70 -68
-69 -70 -68
-69 -70 -68
-69 -70 -68
-69 -70 -68
-69 -70 -68
-69 -70 -68
-70 -70 -68
-69 -70 -68
-70 -71 -68
-70 -72 -68
-70 -73 -68
-70 -74 -68
-70 -72 -69
-70 -72 -69
-70 -72 -71
-70 -72 -71
-70 -72 -70
-70 -72 -70
-70 -72 -71
-70 -72 -71
-70 -71 -71
-70 -70 -71
-70 -71 -69
-70 -71 -69
-70 -70 -68
-70 -70 -68
-70 -70 -68
-70 -70 -68
-70 -71 -68
-70 -70 -68
-70 -70 -68
-69 -70 -68
-69 -70 -68
-69 -70 -69
-69 -69 -69
-69 -69 -69
-69 -69 -69
-69 -69 -69
-69 -69 -69
-69 -69 -69
-69 -69 -68
-69 -69 -68
-69 -69 -68
-69 -69 -68
-69 -69 -68
-69 -69 -68
-69 -69 -68
-69 -69 -68
-70 -69 -68
-70 -70 -68
-70 -70 -70
-70 -70 -69
-70 -70 -69
-70 -70 -70
-70 -70 -69
-70 -70 -69
-70 -70 -69
-70 -70 -69
-70 -70 -69
-70 -70 -69
-70 -69 -69
-70 -69 -69
-70 -68 -68
-70 -68 -68
-69 -68 -68
-69 -68 -68
-70 -69 -68
-71 -69 -68
-70 -70 -68
-70 -70 -68
-70 -70 -68
-70 -70 -68
-71 -70 -68
-71 -70 -67
-71 -70 -67
-71 -70 -67
-70 -70 -67
-70 -70 -67
-70 -70 -67
-70 -70 -67
-70 -70 -67
-70 -69 -67
-69 -69 -67
-69 -69 -68
-69 -69 -68
-70 -70 -68
-70 -70 -68
-70 -70 -68
-70 -70 -68
-70 -70 -68
-69 -70 -68
-70 -70 -68
-70 -70 -68
-70 -70 -68
-68 -70 -68
-70 -70 -68
-69 -70 -68
-69 -70 -68
-69 -70 -68
-69 -70 -68
-69 -69 -68
-68 -69 -68
-70 -68 -68
-68 -68 -68
-68 -68 -68
-68 -68 -69
-68 -68 -69
-69 -68 -69
-68 -68 -69
-68 -69 -69
-69 -69 -69
-69 -70 -69
-70 -70 -69
-69 -70 -69
-71 -70 -69
-69 -70 -69
-70 -69 -69
-69 -69 -69
-69 -69 -69
-69 -69 -69
-71 -70 -69
-71 -70 -69
-70 -71 -69
-70 -71 -69
-70 -70 -71
-68 -70 -71
-70 -71 -69
-71 -71 -70
-69 -72 -70
-69 -73 -70
-68 -73 -69
-70 -73 -69
-71 -73 -69
-68 -72 -69
-68 -72 -69
-69 -72 -69
-69 -72 -69
-69 -71 -70
-69 -71 -69
-69 -72 -69
-69 -72 -70
-70 -72 -70
-69 -72 -70
-69 -72 -69
-69 -72 -69
-68 -72 -70
-68 -72 -70
-70 -72 -70
-69 -72 -70
-69 -72 -68
-72 -72 -69
-70 -72 -69
-69 -73 -70
-70 -73 -70
-70 -73 -70
-70 -72 -69
-70 -71 -70
-70 -71 -71
-71 -71 -71
-73 -71 -71
-75 -72 -70
-73 -74 -70
-72 -73 -69
-72 -73 -69
-69 -73 -68
-68 -73 -69
-68 -72 -69
-68 -72 -69
-68 -72 -70
-68 -71 -70
-68 -71 -71
-68 -69 -73
-68 -70 -72
-69 -71 -72
-72 -71 -72
-72 -71 -72
-70 -71 -72
-70 -70 -72
-70 -71 -70
-73 -68 -71
-72 -68 -72
-72 -67 -72
-71 -67 -73
-72 -67 -73
-72 -67 -70
-72 -67 -69
-73 -67 -68
-72 -69 -68
-71 -71 -68
-71 -72 -69
-71 -73 -70
-72 -73 -68
-74 -73 -67
-73 -73 -66
-72 -73 -65
-70 -73 -64
-70 -73 -64
-70 -71 -65
-70 -71 -65
-71 -71 -65
-71 -71 -65
-71 -70 -65
-71 -68 -65
-71 -65 -64
-71 -64 -64
-73 -64 -64
-73 -64 -64
-73 -64 -64
-75 -65 -64
-75 -65 -67
-75 -65 -68
-73 -66 -70
-72 -67 -70
-71 -68 -70
-71 -70 -70
-70 -71 -71
-70 -71 -72
-70 -71 -72
-73 -71 -71
-74 -71 -71
-75 -71 -70
-75 -71 -71
-74 -71 -72
-74 -71 -73
-74 -69 -71
-76 -69 -71
-73 -68 -71
-71 -68 -71
-70 -68 -71
-70 -68 -71
-70 -68 -71
-68 -68 -71
-68 -69 -71
-69 -69 -70
-69 -70 -70
-69 -70 -71
-70 -70 -70
-70 -68 -68
-70 -68 -70
-73 -68 -70
-73 -69 -70
-72 -70 -70
-72 -70 -71
-70 -70 -71
-69 -70 -70
-68 -70 -69
-69 -70 -70
-70 -72 -70
-72 -74 -68
-72 -74 -69
-70 -72 -69
-70 -70 -69
-68 -70 -69
-67 -69 -69
-67 -69 -70
-67 -69 -70
-67 -69 -70
-67 -68 -69
-67 -68 -70
-68 -69 -67
-70 -69 -68
-71 -70 -67
-71 -70 -69
-73 -69 -68
-76 -69 -68
-73 -69 -70
-73 -70 -68
-74 -70 -67
-74 -71 -69
-73 -72 -67
-73 -70 -68
-71 -69 -68
-68 -70 -68
-66 -70 -68
-64 -70 -68
-64 -70 -68
-64 -70 -68
-65 -70 -67
-65 -70 -67
-65 -70 -68
-67 -70 -68
-65 -71 -70
-65 -71 -68
-65 -70 -69
-66 -68 -69
-66 -69 -69
-66 -70 -69
-66 -70 -69
-66 -71 -69
-66 -71 -69
-66 -69 -70
-66 -69 -70
-67 -69 -70
-67 -69 -70
-68 -69 -70
-68 -70 -70
-74 -70 -70
-74 -70 -70
-72 -70 -70
-68 -72 -70
-68 -71 -69
-68 -71 -69
-71 -71 -68
-75 -70 -68
-74 -70 -68
-70 -70 -68
-70 -70 -68
-72 -70 -69
-75 -71 -69
-70 -71 -69
-67 -71 -69
-67 -71 -69
-71 -71 -69
-71 -71 -69
-68 -71 -68
-66 -71 -68
-68 -71 -68
-69 -71 -68
-68 -71 -68
-69 -71 -68
-74 -71 -68
-69 -71 -68
-69 -71 -68
-69 -70 -68
-67 -70 -67
-69 -70 -67
-71 -70 -67
-70 -70 -67
-70 -70 -67
-70 -70 -68
-70 -69 -68
-69 -69 -69
-69 -71 -69
-72 -71 -69
-67 -70 -69
-67 -70 -69
-71 -70 -69
-66 -70 -69
-66 -70 -69
-69 -70 -67
-66 -72 -67
-67 -70 -67
-67 -69 -67
-68 -70 -67
-68 -70 -67
-70 -70 -67
-68 -70 -67
-68 -70 -67
-70 -70 -67
-68 -70 -68
-68 -70 -68
-70 -70 -67
-69 -70 -68
-69 -71 -67
-68 -71 -67
-67 -72 -67
-70 -74 -67
-70 -72 -67
-68 -72 -67
-70 -72 -67
-69 -72 -68
-69 -73 -68
-70 -73 -68
-69 -72 -68
-70 -72 -68
-70 -72 -67
-69 -71 -67
-69 -72 -67
-69 -73 -67
-69 -73 -67
-69 -72 -67
-69 -71 -67
-69 -71 -67
-69 -71 -67
-69 -71 -67
-69 -71 -67
-69 -71 -67
-69 -71 -67
-70 -72 -67
-69 -72 -67
-69 -72 -67
-69 -72 -67
-69 -71 -68
-70 -71 -68
-69 -71 -68
-69 -71 -68
-69 -70 -68
-69 -70 -68
-69 -70 -68
-69 -70 -68
-69 -70 -68
-69 -70 -68
-70 -71 -68
-70 -71 -69
-70 -71 -69
-70 -70 -69
-70 -70 -69
-70 -70 -69
-70 -72 -69
-70 -74 -69
-69 -74 -69
-70 -74 -69
-70 -74 -69
-70 -76 -69
-70 -76 -69
-69 -77 -69
-70 -76 -69
-71 -74 -68
-73 -72 -69
-73 -71 -69
-70 -70 -69
-70 -70 -69
-70 -70 -69
-70 -69 -69
-70 -69 -69
-71 -69 -69
-71 -69 -69
-70 -69 -69
-70 -69 -69
-70 -69 -70
-70 -70 -70
-70 -70 -70
-69 -70 -69
-69 -70 -69
-69 -70 -69
-69 -70 -68
-69 -70 -68
-69 -70 -68
-69 -70 -68
-69 -70 -68
-69 -70 -68
-68 -70 -68
-68 -70 -68
-68 -70 -68
-68 -70 -68
-68 -70 -68
-68 -70 -68
-68 -71 -68
-68 -71 -68
-68 -71 -68
-69 -71 -68
-69 -70 -68
-69 -70 -68
-69 -71 -68
-69 -71 -69
-69 -73 -70
-69 -72 -71
-69 -72 -72
-69 -71 -71
-69 -71 -71
-69 -71 -71
-69 -71 -71
-70 -71 -71
-70 -71 -70
-70 -71 -70
-70 -71 -70
-69 -72 -70
-69 -73 -70
-69 -73 -70
-69 -73 -70
-69 -73 -70
-69 -73 -70
-69 -72 -70
-69 -72 -69
-69 -72 -69
-69 -70 -69
-70 -70 -68
-70 -71 -68
-70 -71 -68
-70 -71 -68
-70 -71 -68
-70 -70 -68
-70 -70 -68
-70 -70 -68
-69 -70 -68
-68 -70 -67
-70 -70 -67
-70 -70 -68
-70 -70 -68
-70 -69 -68
-70 -69 -68
-70 -69 -68
-71 -69 -68
-71 -69 -68
-71 -69 -67
-71 -69 -67
-71 -69 -67
-71 -69 -67
-71 -70 -66
-71 -70 -66
-71 -70 -66
-71 -70 -66
-71 -70 -67
-71 -70 -67
-71 -70 -67
-71 -71 -67
-71 -71 -67
-71 -71 -67
-71 -71 -67
-72 -70 -68
-73 -69 -68
-73 -69 -68
-73 -69 -68
-72 -69 -68
-72 -69 -69
-72 -69 -69
-71 -69 -69
-71 -69 -69
-71 -69 -69
-70 -69 -69
-69 -69 -69
-70 -69 -68
-70 -69 -68
-70 -69 -68
-70 -69 -68
-71 -69 -68
-70 -69 -70
-70 -69 -71
-70 -70 -71
-69 -71 -71
-71 -71 -71
-71 -71 -70
-71 -70 -70
-69 -70 -70
-69 -70 -70
-70 -70 -70
-69 -70 -70
-69 -71 -69
-68 -73 -69
-68 -73 -69
-69 -73 -69
-69 -71 -69
-69 -72 -69
-71 -72 -70
-72 -72 -72
-71 -73 -71
-70 -72 -70
-70 -73 -69
-70 -73 -69
-70 -71 -69
-70 -71 -69
-70 -71 -69
-70 -71 -69
-70 -71 -69
-71 -71 -69
-71 -71 -69
-71 -71 -69
-71 -69 -69
-71 -69 -68
-71 -69 -68
-70 -69 -67
-69 -69 -67
-70 -69 -67
-71 -69 -68
-70 -69 -69
-71 -68 -69
-69 -68 -69
-70 -68 -70
-70 -70 -70
-70 -71 -69
-70 -71 -69
-70 -71 -69
-68 -72 -69
-70 -72 -68
-69 -72 -68
-70 -71 -68
-69 -71 -70
-70 -71 -70
-69 -71 -71
-70 -71 -71
-68 -71 -71
-69 -71 -71
-69 -71 -71
-70 -71 -70
-69 -71 -70
-69 -71 -70
-71 -71 -70
-70 -71 -69
-70 -71 -71
-70 -71 -71
-67 -71 -71
-71 -73 -71
-71 -72 -71
-71 -72 -71
-71 -71 -71
-71 -71 -71
-72 -71 -71
-73 -71 -71
-72 -72 -71
-68 -72 -71
-65 -72 -70
-66 -72 -71
-68 -73 -70
-67 -72 -70
-65 -70 -71
-67 -70 -70
-72 -70 -70
-70 -71 -70
-68 -71 -71
-67 -72 -72
-67 -72 -72
-68 -71 -72
-70 -71 -72
-70 -68 -72
-69 -68 -70
-68 -67 -70
-69 -67 -70
-71 -67 -70
-73 -67 -72
-74 -67 -68
-75 -68 -68
-75 -68 -67
-73 -68 -67
-72 -68 -66
-70 -69 -66
-69 -70 -65
-69 -70 -64
-69 -70 -64
-68 -69 -64
-68 -68 -65
-68 -67 -67
-68 -67 -67
-68 -67 -67
-68 -67 -67
-68 -67 -67
-68 -67 -67
-68 -67 -67
-68 -67 -67
-68 -67 -68
-68 -67 -68
-68 -67 -68
-68 -66 -68
-69 -66 -68
-69 -66 -68
-69 -66 -68
-69 -66 -68
-69 -66 -68
-69 -66 -68
-69 -66 -68
-70 -66 -68
-70 -66 -68
-70 -65 -68
-70 -65 -68
-70 -65 -68
-70 -65 -68
-70 -65 -68
-68 -65 -68
-68 -65 -68
-68 -65 -68
-68 -65 -69
-68 -65 -69
-68 -65 -69
-68 -65 -69
-68 -65 -69
-68 -65 -69
-68 -65 -69
-68 -65 -69
-68 -65 -69
-68 -65 -69
-68 -65 -69
-68 -65 -69
-68 -65 -69
-68 -65 -69
-68 -65 -69
-68 -65 -70
-68 -65 -70
-68 -66 -70
-68 -66 -69
-68 -66 -69
-68 -66 -69
-69 -66 -68
-69 -66 -69
-69 -66 -69
-69 -66 -69
-69 -66 -68
-69 -66 -68
-69 -66 -68
-69 -66 -67
-69 -67 -67
-69 -67 -68
-70 -67 -68
-70 -69 -68
-70 -69 -68
-70 -69 -68
-70 -69 -68
-70 -69 -68
-70 -69 -68
-70 -69 -67
-70 -69 -67
-70 -68 -67
-70 -68 -67
-70 -68 -67
-70 -68 -67
-70 -68 -66
-70 -68 -66
-72 -68 -66
-72 -68 -66
-72 -67 -66
-72 -67 -66
-72 -67 -66
-72 -67 -66
-72 -67 -66
-72 -66 -66
-71 -66 -66
-71 -66 -66
-71 -65 -66
-69 -65 -66
-69 -65 -66
-69 -65 -66
-68 -64 -66
-69 -64 -66
-69 -64 -66
-69 -64 -66
-68 -64 -66
-68 -64 -66
-68 -64 -66
-69 -64 -66
-69 -64 -66
-69 -65 -66
-68 -65 -66
-68 -65 -66
-68 -65 -66
-68 -65 -66
-67 -65 -66
-67 -65 -66
-68 -65 -66
-67 -65 -66
-67 -65 -66
-67 -65 -66
-67 -65 -66
-67 -65 -66
-67 -65 -66
-68 -65 -66
-68 -65 -66
-68 -65 -66
-68 -65 -66
-68 -65 -66
-68 -66 -67
-68 -70 -67
-68 -69 -67
-67 -68 -67
-67 -68 -68
-68 -68 -68
-68 -68 -68
-69 -68 -68
-70 -68 -67
-70 -68 -66
-70 -68 -66
-70 -68 -66
-70 -68 -66
-70 -68 -66
-71 -68 -66
-72 -68 -67
-72 -68 -67
-72 -66 -68
-72 -66 -70
-74 -66 -73
-75 -66 -71
-76 -67 -71
-77 -66 -71
-76 -66 -71
-73 -66 -71
-73 -67 -70
-73 -68 -70
-73 -68 -70
-73 -67 -70
-74 -66 -70
-75 -66 -69
-75 -66 -69
-77 -67 -69
-77 -69 -69
-75 -71 -69
-73 -71 -69
-71 -72 -70
-71 -73 -69
-71 -73 -69
-71 -72 -71
-71 -72 -71
-71 -72 -72
-71 -71 -72
-71 -70 -73
-71 -70 -73
-71 -70 -72
-70 -70 -72
-69 -70 -72
-67 -71 -72
-67 -70 -72
-68 -72 -70
-68 -72 -70
-68 -72 -70
-68 -72 -70
-68 -71 -72
-67 -71 -72
-67 -71 -71
-68 -71 -71
-70 -73 -71
-69 -73 -70
-69 -74 -70
-70 -72 -70
-70 -72 -71
-69 -72 -71
-70 -72 -72
-70 -71 -70
-69 -71 -70
-69 -71 -70
-69 -71 -70
-69 -71 -70
-72 -71 -69
-71 -71 -69
-72 -71 -69
-70 -71 -69
-70 -71 -69
-70 -71 -69
-70 -71 -69
-70 -73 -69
-70 -73 -69
-70 -72 -69
-70 -71 -69
-69 -71 -69
-69 -70 -69
-69 -70 -69
-69 -70 -69
-69 -72 -69
-69 -71 -69
-69 -71 -69
-71 -71 -69
-69 -70 -69
-69 -69 -69
-71 -69 -69
-69 -69 -69
-70 -69 -69
-69 -69 -69
-72 -69 -69
-71 -69 -69
-71 -69 -68
-71 -69 -68
-70 -68 -69
-70 -68 -68
-69 -68 -68
-69 -68 -68
-69 -68 -68
-71 -69 -68
-70 -70 -68
-70 -70 -68
-69 -70 -68
-69 -70 -70
-69 -70 -70
-70 -69 -70
-70 -69 -70
-72 -69 -70
-70 -69 -70
-70 -70 -70
-69 -69 -70
-69 -69 -69
-68 -69 -69
-68 -69 -69
-68 -69 -69
-67 -69 -69
-68 -70 -68
-68 -70 -68
-70 -70 -68
-70 -70 -68
-69 -71 -68
-69 -70 -68
-69 -70 -68
-69 -70 -68
-69 -69 -69
-69 -70 -70
-69 -69 -70
-71 -68 -70
-73 -68 -69
-73 -69 -69
-70 -68 -69
-70 -68 -69
-70 -68 -69
-70 -68 -68
-70 -68 -68
-71 -68 -68
-69 -69 -68
-69 -69 -68
-70 -69 -68
-70 -69 -68
-70 -69 -68
-70 -69 -68
-70 -69 -68
-70 -69 -68
-70 -70 -68
-70 -70 -68
-70 -70 -68
-70 -70 -68
-70 -70 -68
-70 -70 -68
-70 -70 -68
-70 -70 -68
-70 -71 -68
-70 -71 -68
-70 -71 -69
-70 -71 -69
-70 -71 -69
-70 -71 -69
-70 -71 -69
-70 -71 -69
-70 -71 -69
-70 -71 -69
-69 -71 -69
-69 -71 -69
-69 -71 -69
-69 -71 -69
-69 -71 -69
-69 -71 -69
-69 -71 -69
-69 -71 -69
-69 -71 -69
-69 -73 -69
-69 -71 -69
-69 -71 -69
-70 -70 -69
-71 -70 -69
-71 -70 -69
-71 -70 -69
-71 -70 -69
-71 -70 -69
-71 -69 -69
-70 -69 -69
-70 -69 -69
-69 -69 -68
-69 -69 -68
-69 -69 -68
-69 -69 -68
-69 -69 -69
-69 -69 -70
-69 -69 -68
-69 -69 -68
-69 -70 -68
-69 -70 -68
-69 -70 -68
-69 -70 -68
-69 -69 -68
-69 -69 -68
-70 -70 -68
-70 -70 -68
-70 -70 -68
-70 -69 -68
-70 -69 -68
-70 -69 -68
-70 -69 -68
-71 -70 -68
-69 -71 -68
-69 -71 -68
-69 -71 -68
-69 -72 -68
-69 -72 -68
-69 -72 -68
-69 -72 -68
-69 -71 -68
-69 -70 -68
-69 -70 -68
-70 -70 -68
-70 -70 -68
-70 -70 -68
-70 -71 -68
-70 -71 -68
-70 -71 -68
-69 -71 -68
-69 -71 -68
-69 -71 -68
-69 -70 -68
-69 -70 -68
-69 -70 -68
-69 -71 -68
-69 -72 -68
-69 -73 -68
-69 -74 -68
-69 -74 -68
-69 -74 -68
-69 -74 -68
-69 -74 -68
-69 -74 -68
-69 -73 -68
-69 -75 -68
-69 -75 -68
-69 -75 -68
-69 -75 -68
-69 -72 -68
-69 -72 -68
-69 -73 -68
-69 -71 -68
-69 -71 -68
-69 -71 -68
-70 -71 -68
-70 -71 -68
-70 -71 -68
-70 -71 -68
-70 -71 -68
-69 -71 -68
-69 -71 -68
-69 -70 -68
-69 -71 -68
-69 -71 -68
-69 -70 -68
-69 -70 -68
-68 -70 -68
-68 -70 -68
-68 -71 -68
-68 -71 -68
-68 -71 -68
-68 -70 -67
-68 -70 -67
-68 -70 -67
-68 -70 -67
-68 -70 -67
-69 -69 -67
-69 -69 -67
-69 -69 -67
-69 -69 -67
-69 -70 -67
-69 -70 -67
-69 -70 -67
-69 -70 -67
-69 -71 -67
-69 -73 -67
-69 -74 -67
-69 -74 -67
-69 -73 -67
-69 -75 -67
-69 -72 -67
-69 -70 -67
-69 -70 -67
-69 -70 -67
-69 -70 -67
-69 -70 -67
-69 -70 -67
-69 -70 -67
-69 -70 -67
-69 -70 -68
-69 -70 -68
-69 -70 -68
-69 -70 -68
-69 -70 -68
-69 -70 -68
-69 -70 -68
-69 -70 -68
-69 -71 -69
-69 -71 -69
-69 -72 -69
-69 -72 -69
-69 -72 -69
-70 -72 -69
-69 -71 -69
-69 -71 -69
-69 -71 -68
-69 -70 -69
-69 -70 -69
-69 -70 -69
-69 -70 -69
-69 -70 -69
-69 -70 -69
-69 -70 -69
-69 -71 -69
-69 -71 -69
-69 -71 -69
-69 -70 -69
-69 -70 -69
-69 -70 -69
-69 -70 -69
-70 -70 -69
-70 -70 -69
-70 -69 -69
-70 -69 -69
-70 -69 -69
-70 -69 -69
-70 -69 -69
-70 -69 -69
-69 -69 -68
-69 -69 -68
-69 -69 -68
-70 -69 -68
-70 -69 -68
-70 -70 -68
-70 -70 -68
-69 -70 -68
-70 -70 -68
-70 -71 -68
-70 -71 -68
-70 -72 -68
-70 -72 -68
-70 -72 -68
-70 -72 -69
-70 -71 -67
-70 -71 -67
-70 -71 -67
-70 -71 -67
-70 -71 -67
-70 -71 -66
-70 -70 -68
-70 -69 -68
-71 -69 -68
-71 -69 -68
-70 -70 -69
-70 -70 -69
-70 -70 -69
-70 -70 -69
-71 -70 -69
-73 -69 -69
-74 -68 -69
-73 -68 -69
-73 -68 -70
-73 -68 -70
-73 -68 -69
-71 -68 -69
-71 -68 -68
-69 -68 -68
-70 -68 -68
-70 -68 -68
-70 -68 -68
-70 -68 -68
-70 -68 -69
-70 -69 -69
-70 -69 -69
-69 -69 -69
-70 -69 -69
-69 -70 -69
-70 -70 -69
-69 -70 -71
-69 -70 -70
-69 -70 -70
-69 -70 -70
-69 -70 -70
-69 -70 -70
-69 -70 -69
-69 -71 -68
-71 -71 -67
-69 -71 -67
-72 -71 -67
-70 -71 -67
-69 -71 -67
-70 -71 -67
-71 -71 -68
-71 -71 -68
-72 -70 -68
-71 -70 -69
-71 -69 -70
-70 -69 -70
-71 -69 -69
-71 -68 -69
-71 -68 -70
-69 -68 -70
-70 -68 -69
-70 -68 -69
-70 -68 -70
-70 -69 -69
-68 -71 -69
-68 -72 -69
-70 -73 -69
-69 -73 -68
-69 -72 -68
-70 -71 -68
-70 -71 -68
-70 -70 -68
-68 -70 -68
-70 -70 -68
-68 -71 -68
-68 -71 -68
-69 -71 -69
-69 -71 -70
-70 -71 -70
-70 -71 -70
-69 -72 -70
-67 -73 -70
-69 -73 -70
-70 -73 -70
-71 -72 -70
-70 -72 -71
-70 -72 -69
-71 -72 -69
-70 -72 -69
-69 -72 -71
-70 -73 -71
-72 -73 -71
-73 -73 -71
-72 -73 -70
-70 -73 -70
-68 -71 -70
-68 -71 -71
-69 -71 -71
-69 -70 -70
-69 -70 -70
-69 -70 -71
-71 -70 -72
-71 -70 -72
-71 -71 -71
-73 -69 -72
-73 -67 -72
-73 -67 -72
-72 -67 -71
-70 -67 -71
-68 -67 -69
-68 -68 -69
-67 -69 -71
-68 -71 -72
-71 -71 -72
-71 -69 -72
-69 -66 -70
-68 -66 -70
-68 -65 -70
-67 -65 -68
-67 -67 -67
-68 -68 -68
-68 -68 -68
-69 -68 -67
-70 -68 -66
-71 -68 -66
-71 -69 -66
-74 -70 -67
-75 -68 -69
-74 -68 -69
-72 -68 -70
-71 -69 -73
-72 -70 -73
-70 -70 -71
-70 -70 -71
-71 -70 -73
-71 -70 -73
-71 -70 -71
-74 -69 -70
-75 -69 -69
-72 -69 -69
-70 -69 -69
-70 -71 -69
-69 -71 -69
-69 -71 -69
-70 -72 -69
-69 -72 -69
-69 -72 -70
-69 -73 -70
-69 -73 -70
-69 -72 -70
-70 -73 -69
-70 -73 -68
-71 -73 -68
-70 -72 -68
-69 -72 -68
-69 -71 -69
-70 -71 -69
-71 -71 -69
-71 -71 -69
-69 -71 -69
-70 -72 -69
-71 -72 -69
-70 -71 -69
-70 -72 -69
-69 -72 -69
-67 -71 -69
-69 -70 -68
-69 -70 -68
-69 -71 -68
-69 -71 -68
-69 -70 -68
-68 -70 -68
-68 -70 -68
-69 -70 -70
-69 -69 -70
-70 -69 -70
-69 -69 -70
-69 -70 -70
-70 -70 -70
-70 -70 -70
-71 -70 -70
-69 -70 -70
-69 -70 -72
-71 -70 -72
-71 -70 -70
-69 -70 -69
-70 -70 -69
-69 -69 -69
-69 -69 -69
-69 -69 -70
-69 -69 -70
-69 -69 -70
-69 -70 -69
-69 -70 -69
-69 -71 -70
-69 -70 -69
-69 -70 -69
-70 -70 -69
-70 -69 -69
-70 -69 -69
-70 -69 -69
-70 -69 -68
-70 -70 -68
-71 -70 -67
-72 -70 -67
-71 -70 -67
-69 -70 -67
-71 -70 -69
-71 -70 -71
-70 -70 -71
-70 -70 -70
-70 -69 -70
-70 -69 -70
-70 -69 -69
-70 -69 -69
-70 -69 -70
-69 -69 -70
-69 -69 -69
-69 -69 -69
-70 -69 -69
-70 -70 -69
-70 -71 -69
-71 -72 -69
-71 -72 -69
-71 -72 -69
-70 -71 -69
-70 -71 -67
-70 -71 -68
-70 -70 -68
-70 -70 -69
-70 -70 -69
-70 -71 -69
-70 -71 -68
-70 -71 -68
-70 -70 -68
-70 -70 -68
-70 -70 -68
-69 -70 -70
-68 -70 -70
-68 -70 -69
-71 -70 -69
-71 -69 -69
-71 -69 -70
-72 -69 -70
-72 -69 -69
-72 -69 -69
-72 -69 -69
-72 -69 -69
-72 -69 -69
-72 -69 -68
-72 -69 -67
-72 -69 -67
-72 -70 -67
-72 -70 -67
-72 -70 -67
-72 -69 -67
-71 -69 -68
-71 -70 -67
-71 -70 -67
-71 -71 -68
-71 -71 -68
-71 -71 -68
-70 -71 -68
-70 -71 -68
-70 -71 -68
-71 -71 -68
-70 -70 -68
-70 -70 -68
-70 -70 -68
-70 -70 -68
-70 -70 -68
-70 -71 -68
-69 -72 -68
-69 -72 -68
-69 -72 -68
-69 -71 -68
-69 -73 -68
-69 -73 -69
-69 -74 -68
-69 -74 -68
-69 -74 -68
-69 -73 -68
-69 -73 -68
-69 -74 -68
-69 -74 -68
-69 -73 -68
-69 -73 -68
-69 -73 -68
-69 -73 -68
-69 -74 -68
-69 -74 -68
-69 -74 -68
-69 -74 -68
-69 -76 -68
-69 -75 -68
-69 -74 -68
-69 -74 -68
-69 -73 -68
-69 -73 -68
-69 -73 -68
-69 -73 -69
-69 -73 -70
-69 -73 -70
-69 -73 -70
-69 -73 -70
-69 -72 -70
-69 -72 -70
-69 -72 -69
-69 -72 -68
-69 -72 -68
-69 -72 -68
-69 -72 -68
-69 -72 -68
-69 -72 -68
-69 -72 -68
-69 -73 -68
-69 -73 -68
-69 -73 -68
-69 -74 -68
-69 -72 -68
-69 -71 -68
-69 -71 -68
-69 -71 -68
-69 -71 -68
-69 -71 -68
-69 -71 -68
-70 -70 -68
-70 -70 -67
-71 -70 -67
-71 -70 -67
-70 -70 -67
-69 -70 -67
-69 -70 -67
-69 -70 -67
-69 -70 -67
-69 -70 -67
-69 -69 -67
-69 -69 -68
-69 -69 -68
-69 -70 -68
-69 -70 -68
-68 -70 -68
-68 -70 -68
-68 -70 -68
-68 -70 -68
-68 -70 -68
-69 -70 -68
-70 -70 -68
-70 -70 -68
-70 -70 -68
-70 -70 -69
-70 -70 -69
-71 -70 -70
-71 -70 -71
-70 -70 -71
-70 -70 -71
-70 -70 -70
-70 -70 -72
-70 -70 -72
-70 -70 -71
-70 -70 -72
-71 -70 -72
-72 -70 -71
-73 -70 -70
-74 -70 -70
-74 -70 -70
-74 -70 -70
-72 -70 -70
-72 -70 -69
-74 -70 -69
-74 -70 -69
-74 -70 -69
-74 -70 -69
-73 -70 -69
-72 -70 -70
-72 -70 -70
-73 -70 -70
-73 -70 -69
-70 -70 -69
-70 -70 -69
-70 -70 -69
-70 -70 -69
-71 -71 -69
-71 -71 -69
-71 -71 -69
-70 -71 -69
-70 -70 -69
-71 -70 -69
-72 -70 -69
-71 -70 -69
-71 -70 -69
-72 -70 -68
-72 -70 -68
-72 -70 -70
-71 -70 -70
-71 -69 -69
-70 -69 -69
-70 -69 -69
-70 -69 -68
-70 -69 -68
-70 -69 -68
-70 -69 -68
-70 -70 -68
-72 -70 -68
-72 -70 -68
-70 -70 -68
-70 -70 -68
-70 -70 -68
-72 -70 -67
-74 -70 -67
-74 -70 -67
-71 -70 -69
-70 -70 -68
-69 -70 -68
-69 -70 -68
-69 -70 -68
-69 -70 -68
-69 -70 -68
-69 -70 -69
-69 -70 -69
-69 -70 -68
-68 -70 -68
-70 -69 -68
-69 -69 -69
-71 -69 -71
-71 -69 -69
-70 -69 -69
-69 -69 -69
-69 -69 -69
-69 -69 -69
-69 -70 -69
-71 -70 -68
-69 -70 -67
-69 -70 -66
-71 -70 -68
-71 -70 -68
-71 -69 -68
-71 -69 -69
-68 -69 -68
-70 -69 -68
-70 -69 -68
-70 -70 -68
-69 -70 -69
-69 -70 -69
-69 -70 -69
-69 -70 -69
-70 -70 -69
-70 -70 -69
-69 -70 -69
-69 -70 -68
-69 -70 -68
-69 -70 -68
-70 -70 -68
-69 -70 -68
-69 -70 -70
-70 -70 -70
-69 -72 -70
-67 -72 -70
-67 -72 -69
-67 -71 -69
-69 -71 -69
-69 -72 -69
-69 -73 -69
-69 -75 -69
-70 -74 -69
-70 -73 -69
-70 -75 -69
