-70 -70 -69
-70 -68 -70
-69 -68 -69
-69 -69 -69
-69 -69 -69
-69 -69 -69
-69 -69 -69
-69 -69 -69
-69 -70 -69
-69 -70 -69
-69 -70 -69
-69 -70 -69
-69 -70 -68
-69 -70 -68
-69 -69 -68
-69 -69 -68
-69 -69 -68
-69 -68 -68
-69 -68 -68
-69 -68 -68
-69 -68 -68
-69 -68 -68
-69 -68 -68
-69 -69 -68
-69 -69 -68
-69 -68 -68
-69 -68 -68
-69 -68 -68
-69 -68 -68
-69 -68 -68
-69 -68 -68
-69 -68 -68
-69 -68 -68
-69 -68 -68
-69 -68 -68
-69 -68 -68
-69 -68 -68
-69 -68 -68
-69 -68 -68
-69 -69 -68
-69 -69 -68
-69 -69 -68
-69 -69 -68
-69 -69 -68
-69 -70 -68
-69 -69 -68
-69 -68 -68
-69 -69 -67
-69 -69 -67
-69 -68 -67
-69 -68 -67
-69 -68 -67
-69 -68 -67
-69 -68 -67
-69 -68 -67
-69 -68 -67
-68 -67 -67
-68 -68 -67
-68 -68 -67
-68 -67 -67
-68 -67 -67
-68 -67 -67
-68 -67 -67
-68 -67 -67
-69 -68 -67
-68 -68 -67
-68 -67 -67
-69 -68 -67
-69 -67 -67
-69 -67 -67
-69 -67 -67
-69 -67 -67
-69 -67 -67
-69 -67 -67
-69 -67 -67
-68 -67 -67
-68 -67 -67
-68 -67 -67
-68 -67 -67
-68 -67 -67
-68 -67 -67
-68 -67 -67
-68 -67 -67
-68 -67 -67
-68 -67 -67
-68 -67 -67
-68 -68 -67
-68 -72 -67
-68 -72 -68
-68 -72 -68
-69 -70 -68
-69 -71 -68
-69 -71 -68
-69 -72 -68
-69 -71 -68
-69 -71 -68
-69 -71 -68
-69 -70 -68
-69 -70 -68
-69 -70 -69
-69 -70 -69
-69 -70 -69
-69 -70 -69
-69 -70 -69
-69 -71 -69
-69 -71 -69
-69 -71 -68
-69 -71 -68
-69 -71 -68
-69 -71 -68
-69 -70 -68
-69 -70 -68
-69 -70 -68
-69 -70 -68
-69 -70 -68
-69 -70 -68
-69 -70 -68
-69 -70 -68
-69 -70 -68
-69 -70 -68
-69 -70 -68
-69 -70 -68
-69 -71 -68
-69 -71 -68
-69 -71 -68
-69 -71 -68
-69 -71 -68
-69 -69 -68
-69 -69 -68
-69 -70 -68
-69 -71 -68
-69 -71 -68
-69 -71 -68
-69 -71 -68
-69 -71 -68
-69 -71 -68
-69 -70 -68
-69 -69 -68
-69 -69 -68
-69 -68 -68
-69 -68 -68
-69 -68 -68
-69 -68 -68
-69 -68 -68
-69 -68 -68
-69 -70 -68
-69 -70 -68
-69 -69 -68
-69 -69 -68
-69 -69 -68
-69 -70 -68
-69 -70 -68
-69 -70 -68
-69 -70 -68
-69 -69 -68
-69 -67 -68
-69 -67 -68
-69 -67 -68
-69 -67 -68
-69 -67 -68
-69 -68 -68
-69 -69 -68
-69 -69 -68
-69 -69 -68
-69 -69 -68
-69 -69 -68
-69 -69 -68
-69 -69 -68
-69 -69 -68
-69 -69 -68
-69 -69 -68
-69 -69 -68
-69 -69 -68
-69 -69 -68
-69 -69 -68
-69 -69 -68
-69 -69 -68
-69 -69 -68
-69 -69 -68
-69 -69 -68
-69 -69 -67
-69 -69 -67
-69 -69 -67
-69 -69 -67
-69 -69 -67
-69 -69 -67
-69 -69 -67
-69 -68 -67
-69 -68 -67
-69 -68 -67
-69 -68 -67
-69 -68 -67
-69 -68 -67
-69 -69 -67
-69 -69 -67
-69 -69 -67
-69 -69 -67
-70 -69 -67
-70 -69 -67
-72 -69 -67
-72 -69 -67
-70 -68 -67
-72 -68 -67
-73 -68 -67
-73 -68 -67
-72 -69 -67
-72 -69 -67
-72 -69 -67
-71 -71 -67
-73 -70 -67
-73 -71 -67
-72 -72 -67
-73 -71 -67
-73 -71 -67
-72 -71 -67
-73 -71 -67
-73 -71 -67
-73 -71 -67
-73 -71 -67
-73 -71 -67
-73 -71 -67
-73 -71 -67
-73 -71 -67
-73 -71 -67
-73 -71 -67
-72 -72 -67
-72 -72 -67
-72 -72 -67
-73 -72 -67
-71 -71 -67
-71 -71 -67
-69 -69 -67
-69 -69 -67
-69 -69 -67
-69 -69 -67
-69 -69 -67
-69 -69 -67
-69 -69 -67
-69 -69 -67
-69 -69 -67
-69 -69 -67
-69 -68 -67
-69 -68 -67
-70 -70 -67
-69 -69 -67
-69 -70 -67
-69 -70 -67
-69 -70 -67
-69 -73 -67
-69 -73 -67
-69 -72 -67
-69 -72 -67
-69 -72 -67
-69 -71 -67
-69 -71 -67
-69 -71 -67
-69 -73 -67
-69 -73 -67
-69 -73 -67
-69 -73 -67
-69 -71 -67
-69 -72 -67
-69 -72 -67
-69 -72 -67
-70 -73 -67
-70 -73 -67
-69 -72 -67
-69 -71 -67
-69 -71 -67
-69 -71 -67
-69 -71 -67
-69 -72 -67
-69 -70 -67
-69 -70 -67
-69 -70 -67
-69 -70 -67
-69 -70 -67
-69 -70 -68
-69 -70 -68
-69 -70 -68
-69 -70 -68
-69 -70 -68
-69 -70 -68
-69 -70 -68
-69 -70 -68
-69 -70 -68
-69 -71 -68
-69 -71 -68
-69 -70 -69
-69 -70 -69
-69 -70 -70
-69 -69 -70
-69 -69 -70
-69 -69 -70
-69 -69 -70
-69 -69 -70
-69 -69 -70
-69 -69 -70
-69 -69 -69
-69 -69 -70
-69 -69 -71
-69 -69 -70
-69 -69 -70
-69 -69 -71
-69 -69 -70
-69 -69 -70
-69 -69 -71
-69 -69 -71
-69 -69 -70
-69 -69 -69
-69 -69 -70
-69 -69 -69
-69 -68 -70
-69 -67 -69
-69 -67 -69
-69 -67 -69
-69 -67 -69
-69 -67 -68
-69 -67 -68
-69 -67 -68
-69 -68 -68
-69 -69 -68
-69 -69 -68
-69 -69 -68
-69 -69 -68
-69 -69 -68
-69 -69 -67
-69 -69 -67
-69 -69 -67
-69 -69 -67
-69 -70 -67
-69 -69 -67
-69 -67 -67
-69 -67 -67
-69 -67 -67
-69 -68 -67
-69 -68 -67
-69 -70 -67
-69 -70 -67
-69 -69 -67
-69 -69 -67
-69 -69 -67
-69 -69 -67
-69 -69 -67
-69 -69 -67
-69 -69 -67
-69 -69 -67
-69 -69 -67
-69 -69 -67
-69 -68 -67
-69 -68 -67
-69 -68 -67
-69 -68 -67
-69 -68 -67
-69 -68 -67
-69 -67 -67
-69 -67 -67
-69 -67 -67
-69 -67 -67
-69 -67 -67
-69 -67 -67
-69 -68 -67
-69 -68 -67
-69 -68 -67
-69 -69 -67
-69 -69 -67
-69 -69 -67
-69 -69 -67
-69 -69 -67
-69 -69 -67
-69 -69 -67
-69 -69 -67
-69 -71 -67
-69 -71 -67
-69 -72 -68
-69 -72 -68
-69 -72 -68
-69 -73 -68
-69 -73 -68
-69 -71 -68
-69 -72 -68
-69 -72 -68
-69 -72 -68
-69 -72 -68
-69 -71 -68
-69 -71 -68
-69 -71 -68
-69 -71 -68
-69 -71 -68
-69 -71 -67
-69 -71 -67
-69 -71 -67
-69 -71 -67
-69 -71 -67
-69 -71 -67
-69 -71 -67
-69 -71 -66
-69 -71 -66
-69 -71 -66
-69 -71 -66
-69 -71 -66
-69 -70 -66
-69 -70 -66
-69 -70 -67
-69 -69 -67
-69 -69 -67
-69 -69 -67
-68 -69 -67
-68 -69 -67
-68 -69 -67
-68 -69 -67
-68 -69 -67
-69 -69 -67
-69 -69 -67
-69 -69 -67
-69 -69 -67
-70 -69 -67
-72 -68 -67
-72 -68 -67
-72 -68 -68
-72 -68 -68
-72 -68 -68
-72 -69 -68
-70 -69 -68
-69 -68 -68
-69 -69 -68
-69 -69 -68
-69 -69 -68
-69 -71 -68
-69 -71 -68
-69 -73 -68
-69 -72 -67
-69 -72 -67
-70 -73 -68
-73 -73 -68
-73 -73 -68
-72 -72 -68
-70 -71 -68
-69 -72 -68
-69 -71 -68
-69 -71 -68
-69 -71 -68
-69 -71 -68
-69 -71 -68
-69 -69 -68
-69 -69 -68
-69 -69 -68
-69 -69 -68
-69 -69 -68
-69 -69 -68
-69 -69 -68
-69 -69 -68
-69 -69 -68
-69 -69 -68
-69 -69 -68
-69 -71 -68
-69 -72 -68
-69 -71 -71
-70 -69 -71
-72 -67 -71
-72 -68 -70
-72 -68 -69
-70 -68 -69
-70 -67 -68
-69 -67 -68
-69 -68 -68
-69 -69 -68
-69 -69 -68
-69 -69 -68
-69 -69 -68
-69 -69 -68
-69 -69 -68
-69 -69 -68
-69 -69 -68
-69 -69 -68
-69 -69 -68
-69 -69 -68
-69 -69 -68
-69 -69 -68
-69 -68 -68
-69 -68 -68
-69 -68 -68
-69 -68 -68
-69 -68 -68
-69 -69 -68
-69 -69 -68
-69 -69 -68
-69 -69 -68
-69 -68 -68
-69 -68 -68
-69 -68 -68
-69 -69 -68
-69 -69 -68
-69 -69 -68
-69 -69 -68
-69 -69 -68
-69 -69 -68
-69 -69 -68
-69 -69 -68
-69 -69 -68
-69 -69 -68
-69 -69 -70
-69 -69 -69
-69 -68 -69
-69 -68 -68
-69 -68 -68
-69 -69 -68
-69 -69 -68
-69 -69 -68
-69 -69 -68
-69 -69 -68
-69 -71 -68
-69 -70 -68
-69 -70 -68
-69 -70 -68
-69 -70 -68
-69 -70 -68
-69 -71 -68
-69 -72 -68
-69 -71 -68
-69 -71 -68
-69 -71 -68
-69 -71 -68
-69 -70 -68
-69 -70 -70
-69 -70 -70
-69 -69 -69
-69 -69 -68
-69 -69 -68
-69 -69 -68
-69 -72 -68
-69 -70 -68
-69 -70 -68
-69 -70 -68
-69 -70 -68
-69 -70 -68
-69 -70 -68
-69 -70 -68
-69 -70 -68
-69 -70 -68
-69 -70 -68
-69 -70 -68
-69 -70 -68
-69 -70 -68
-69 -70 -68
-69 -70 -68
-69 -69 -68
-69 -69 -68
-69 -70 -68
-69 -70 -68
-69 -71 -68
-69 -71 -68
-69 -72 -68
-69 -72 -68
-69 -71 -68
-69 -71 -68
-69 -71 -68
-69 -71 -68
-69 -71 -68
-69 -72 -68
-69 -70 -68
-69 -71 -68
-69 -70 -68
-69 -69 -68
-69 -69 -68
-69 -69 -68
-69 -68 -68
-69 -68 -68
-69 -68 -68
-69 -68 -68
-69 -68 -68
-69 -68 -68
-69 -68 -68
-69 -68 -68
-69 -68 -68
-69 -68 -68
-69 -69 -68
-69 -69 -68
-69 -69 -68
-69 -69 -68
-69 -69 -68
-69 -69 -68
-69 -69 -68
-69 -69 -68
-69 -69 -68
-69 -69 -68
-69 -69 -68
-69 -69 -68
-69 -69 -68
-69 -69 -68
-69 -69 -68
-69 -68 -68
-69 -68 -68
-69 -67 -68
-69 -67 -68
-69 -67 -68
-69 -67 -68
-69 -68 -68
-69 -68 -68
-69 -68 -68
-69 -69 -68
-69 -69 -71
-69 -69 -71
-69 -69 -71
-69 -69 -70
-69 -68 -70
-69 -68 -70
-69 -68 -70
-69 -69 -71
-69 -69 -71
-69 -69 -71
-69 -69 -71
-69 -69 -71
-69 -69 -71
-69 -69 -69
-69 -69 -69
-69 -69 -69
-69 -69 -69
-69 -69 -69
-69 -69 -69
-69 -69 -68
-69 -69 -68
-69 -69 -68
-69 -69 -68
-69 -69 -68
-69 -69 -68
-70 -69 -68
-72 -69 -68
-72 -70 -68
-72 -69 -68
-71 -68 -68
-72 -68 -68
-72 -68 -68
-71 -68 -68
-72 -68 -68
-72 -68 -68
-71 -68 -68
-70 -68 -68
-69 -69 -68
-69 -70 -68
-69 -71 -68
-69 -72 -68
-69 -71 -68
-69 -69 -68
-69 -69 -68
-69 -68 -68
-69 -69 -68
-69 -69 -68
-69 -69 -68
-69 -69 -68
-70 -68 -68
-72 -68 -68
-72 -68 -68
-71 -68 -71
-72 -68 -71
-72 -68 -71
-72 -68 -70
-70 -68 -71
-72 -68 -71
-72 -68 -71
-72 -68 -70
-72 -68 -71
-72 -68 -70
-72 -68 -70
-72 -68 -70
-72 -69 -70
-72 -69 -71
-73 -69 -70
-73 -68 -70
-73 -68 -69
-73 -68 -70
-73 -68 -70
-73 -68 -71
-73 -68 -71
-73 -69 -71
-73 -71 -71
-73 -73 -71
-73 -72 -71
-73 -72 -71
-72 -73 -71
-72 -73 -71
-72 -73 -71
-72 -73 -70
-71 -72 -70
-70 -71 -71
-71 -71 -71
-71 -71 -71
-71 -71 -71
-71 -72 -70
-71 -73 -70
-71 -71 -70
-71 -72 -70
-71 -72 -71
-71 -72 -70
-71 -71 -72
-71 -70 -71
-70 -71 -71
-71 -71 -71
-72 -72 -71
-72 -72 -71
-72 -72 -71
-72 -72 -71
-70 -69 -71
-71 -70 -71
-71 -71 -70
-71 -71 -70
-71 -71 -70
-71 -71 -70
-71 -71 -70
-70 -70 -70
-69 -71 -70
-69 -71 -69
-69 -71 -69
-69 -69 -69
-69 -69 -69
-69 -69 -69
-69 -69 -69
-69 -69 -69
-69 -70 -68
-70 -70 -68
-72 -69 -69
-73 -69 -70
-72 -69 -70
-72 -69 -71
-72 -69 -72
-72 -68 -72
-72 -69 -71
-73 -69 -70
-73 -69 -70
-71 -69 -70
-71 -69 -70
-71 -69 -69
-71 -69 -69
-71 -69 -69
-71 -68 -69
-70 -68 -69
-70 -68 -69
-70 -69 -69
-70 -69 -69
-70 -69 -67
-70 -69 -67
-70 -69 -67
-70 -69 -67
-69 -69 -67
-69 -69 -67
-69 -69 -67
-69 -69 -67
-69 -71 -67
-69 -72 -67
-69 -71 -67
-69 -71 -67
-69 -70 -67
-69 -70 -67
-69 -71 -68
-69 -70 -68
-69 -70 -68
-69 -72 -68
-69 -71 -68
-69 -71 -68
-69 -71 -69
-69 -69 -69
-69 -69 -69
-69 -69 -69
-69 -69 -69
-69 -69 -69
-69 -69 -69
-69 -69 -69
-69 -69 -68
-69 -69 -68
-69 -69 -68
-69 -69 -68
-69 -69 -68
-69 -68 -67
-69 -68 -67
-69 -68 -67
-69 -68 -67
-69 -68 -67
-69 -69 -67
-69 -69 -67
-69 -69 -67
-69 -69 -67
-69 -69 -67
-69 -69 -67
-69 -69 -67
-69 -69 -67
-70 -69 -67
-70 -69 -67
-69 -71 -67
-69 -71 -67
-69 -71 -67
-69 -71 -67
-69 -71 -67
-69 -71 -67
-69 -71 -67
-69 -71 -67
-69 -71 -67
-69 -70 -67
-69 -70 -67
-68 -70 -67
-68 -70 -67
-68 -71 -67
-68 -71 -67
-68 -71 -67
-68 -70 -67
-68 -70 -68
-69 -70 -68
-69 -70 -68
-69 -70 -68
-69 -70 -68
-69 -70 -68
-69 -70 -68
-69 -70 -68
-69 -69 -68
-69 -69 -68
-69 -69 -68
-69 -69 -68
-69 -70 -68
-69 -69 -68
-69 -69 -68
-69 -69 -68
-69 -69 -69
-69 -69 -69
-69 -69 -69
-69 -69 -69
-69 -69 -69
-69 -69 -69
-69 -69 -69
-69 -69 -69
-69 -69 -69
-69 -69 -68
-69 -69 -68
-69 -69 -68
-69 -69 -68
-69 -69 -68
-69 -69 -68
-69 -69 -68
-69 -69 -68
-69 -69 -68
-69 -69 -68
-69 -69 -68
-69 -69 -68
-69 -69 -68
-69 -69 -68
-69 -69 -68
-69 -69 -68
-69 -69 -68
-69 -70 -67
-69 -70 -67
-69 -70 -67
-69 -70 -67
-69 -69 -67
-69 -70 -67
-69 -69 -67
-69 -69 -67
-69 -69 -67
-69 -69 -67
-69 -69 -67
-69 -69 -67
-68 -69 -67
-68 -69 -68
-68 -69 -71
-68 -70 -71
-68 -71 -71
-68 -70 -71
-69 -69 -71
-69 -69 -71
-69 -69 -71
-69 -69 -71
-69 -68 -71
-69 -68 -71
-69 -68 -71
-69 -68 -71
-69 -68 -71
-69 -68 -71
-69 -68 -71
-69 -68 -70
-69 -68 -69
-69 -68 -69
-69 -68 -69
-69 -69 -69
-69 -69 -69
-69 -69 -69
-69 -69 -69
-69 -69 -69
-69 -69 -69
-69 -69 -69
-69 -69 -69
-69 -69 -68
-69 -69 -68
-69 -69 -68
-69 -69 -68
-69 -69 -68
-69 -69 -68
-69 -69 -68
-69 -69 -68
-69 -69 -68
-69 -69 -68
-69 -69 -68
-69 -69 -68
-69 -69 -68
-69 -69 -68
-71 -70 -68
-72 -71 -68
-72 -71 -68
-72 -72 -68
-71 -72 -68
-72 -72 -68
-73 -71 -68
-73 -69 -68
-72 -69 -68
-72 -69 -68
-72 -69 -68
-72 -68 -68
-72 -68 -68
-72 -68 -68
-71 -68 -68
-71 -68 -68
-71 -68 -68
-71 -69 -68
-71 -72 -68
-71 -72 -68
-71 -72 -68
-71 -71 -68
-71 -73 -68
-71 -73 -68
-71 -72 -68
-71 -73 -68
-71 -73 -68
-71 -71 -68
-71 -70 -70
-71 -69 -69
-71 -69 -70
-71 -69 -70
-71 -69 -70
-71 -69 -69
-71 -69 -69
-71 -69 -68
-69 -69 -68
-69 -69 -68
-69 -69 -68
-69 -69 -68
-69 -69 -68
-69 -69 -68
-69 -69 -68
-69 -69 -68
-69 -69 -68
-69 -69 -68
-69 -69 -68
-69 -69 -68
-69 -69 -68
-69 -69 -68
-69 -68 -68
-70 -68 -68
-71 -68 -68
-72 -68 -68
-72 -68 -68
-71 -68 -68
-72 -68 -68
-72 -69 -68
-71 -69 -68
-72 -69 -68
-72 -69 -68
-70 -68 -68
-71 -68 -68
-72 -68 -68
-72 -68 -69
-72 -69 -70
-72 -68 -70
-72 -68 -70
-72 -68 -69
-72 -67 -70
-73 -67 -70
-72 -67 -70
-72 -67 -70
-73 -68 -70
-73 -68 -69
-73 -68 -69
-73 -68 -69
-73 -68 -69
-73 -68 -69
-73 -68 -69
-73 -68 -69
-73 -68 -69
-72 -68 -70
-72 -68 -70
-72 -68 -69
-72 -68 -69
-72 -68 -69
-72 -68 -69
-72 -69 -69
-72 -69 -69
-72 -69 -69
-72 -68 -69
-72 -68 -69
-72 -68 -69
-73 -69 -69
-73 -69 -69
-73 -69 -69
-72 -69 -69
-72 -69 -69
-72 -69 -69
-72 -68 -69
-72 -68 -69
-72 -69 -69
-71 -69 -69
-71 -69 -69
-71 -69 -69
-71 -69 -69
-71 -69 -69
-71 -69 -70
-71 -69 -71
-71 -69 -69
-71 -69 -69
-71 -69 -69
-71 -69 -69
-71 -69 -68
-71 -68 -68
-71 -68 -68
-71 -69 -68
-71 -69 -68
-71 -68 -68
-71 -68 -68
-71 -68 -68
-70 -68 -68
-70 -68 -68
-70 -69 -68
-71 -69 -68
-71 -69 -68
-71 -69 -68
-71 -69 -68
-71 -69 -68
-71 -69 -68
-71 -69 -68
-71 -69 -68
-71 -69 -68
-71 -70 -68
-71 -69 -68
-71 -69 -70
-71 -69 -70
-71 -69 -70
-71 -69 -69
-71 -69 -70
-71 -69 -71
-71 -69 -71
-71 -69 -71
-71 -69 -71
-71 -69 -70
-71 -69 -69
-71 -69 -69
-71 -69 -69
-70 -69 -69
-70 -69 -69
-70 -69 -69
-70 -69 -69
-70 -69 -69
-70 -69 -69
-70 -69 -69
-70 -69 -69
-70 -69 -69
-70 -69 -69
-70 -69 -69
-70 -69 -69
-70 -69 -69
-70 -69 -69
-70 -69 -70
-70 -69 -70
-70 -69 -70
-71 -69 -71
-71 -69 -71
-71 -69 -71
-71 -69 -71
-71 -69 -71
-71 -69 -70
-71 -69 -69
-71 -69 -69
-71 -69 -69
-71 -69 -69
-71 -69 -69
-71 -69 -69
-71 -69 -69
-70 -69 -69
-69 -69 -69
-69 -69 -69
-69 -69 -69
-69 -69 -68
-69 -69 -68
-69 -69 -68
-69 -69 -68
-69 -69 -68
-69 -69 -68
-70 -69 -68
-70 -69 -68
-70 -69 -68
-70 -69 -68
-70 -69 -68
-70 -69 -68
-70 -69 -68
-71 -69 -68
-71 -68 -68
-71 -68 -68
-71 -68 -68
-71 -68 -68
-71 -68 -68
-71 -68 -68
-71 -68 -68
-71 -69 -68
-71 -69 -68
-71 -69 -68
-71 -68 -68
-71 -68 -68
-71 -68 -68
-71 -68 -68
-70 -70 -68
-70 -70 -68
-70 -70 -68
-70 -69 -68
-70 -69 -68
-70 -69 -68
-70 -69 -68
-70 -69 -68
-70 -69 -68
-70 -69 -68
-70 -69 -68
-70 -69 -68
-70 -69 -68
-71 -69 -68
-71 -68 -68
-71 -68 -68
-71 -69 -68
-71 -69 -68
-71 -69 -68
-71 -69 -68
-71 -69 -68
-71 -69 -68
-71 -69 -68
-70 -69 -68
-70 -69 -68
-70 -69 -68
-70 -69 -68
-70 -69 -68
-70 -69 -68
-71 -69 -68
-71 -69 -68
-71 -69 -68
-71 -69 -68
-71 -69 -68
-71 -69 -68
-69 -69 -68
-69 -69 -68
-69 -69 -68
-69 -69 -68
-69 -69 -68
-69 -69 -68
-69 -69 -68
-69 -69 -68
-69 -69 -68
-69 -69 -68
-69 -69 -68
-69 -69 -68
-69 -69 -68
-69 -69 -68
-69 -69 -68
-69 -69 -68
-69 -68 -68
-69 -68 -68
-69 -68 -67
-69 -68 -67
-69 -68 -67
-69 -68 -67
-69 -68 -67
-69 -68 -67
-69 -68 -67
-69 -68 -67
-69 -68 -67
-69 -69 -67
-69 -69 -67
-69 -69 -67
-69 -70 -67
-69 -71 -67
-69 -72 -67
-69 -72 -67
-69 -71 -67
-69 -72 -67
-69 -72 -67
-69 -72 -67
-69 -73 -67
-69 -72 -67
-69 -72 -67
-69 -72 -67
-69 -71 -67
-69 -71 -67
-69 -71 -67
-69 -69 -67
-69 -69 -67
-69 -69 -67
-69 -69 -67
-68 -67 -67
-68 -67 -67
-68 -68 -67
-70 -68 -69
-71 -68 -71
-72 -68 -71
-72 -68 -71
-71 -69 -70
-73 -69 -71
-73 -69 -71
-72 -69 -70
-73 -68 -71
-72 -68 -71
-73 -69 -71
-72 -69 -71
-72 -69 -71
-73 -69 -71
-73 -69 -71
-73 -69 -71
-72 -69 -71
-72 -68 -70
-72 -68 -70
-72 -68 -70
-72 -69 -70
-72 -69 -70
-71 -69 -69
-71 -69 -69
-71 -69 -69
-71 -69 -69
-71 -68 -69
-71 -68 -68
-71 -68 -68
-70 -68 -68
-69 -68 -68
-69 -68 -68
-69 -68 -68
-69 -69 -68
-69 -69 -68
-69 -69 -68
-69 -69 -68
-69 -69 -68
-69 -69 -68
-69 -69 -68
-69 -69 -68
-69 -69 -68
-69 -69 -68
-69 -69 -68
-69 -69 -68
-69 -69 -68
-69 -68 -68
-69 -68 -68
-69 -68 -68
-69 -68 -68
-69 -68 -68
-69 -68 -68
-69 -69 -68
-70 -70 -68
-72 -69 -68
-72 -69 -68
-71 -69 -68
-72 -69 -68
-72 -69 -68
-72 -70 -69
-72 -70 -70
-72 -70 -70
-71 -72 -70
-72 -72 -70
-72 -71 -70
-73 -73 -70
-72 -73 -69
-73 -73 -69
-73 -73 -69
-73 -73 -68
-73 -72 -68
-73 -72 -68
-72 -73 -68
-71 -72 -68
-71 -72 -68
-71 -73 -68
-71 -71 -68
-71 -71 -68
-70 -71 -68
-71 -70 -68
-71 -71 -68
-71 -72 -68
-70 -72 -68
-71 -72 -68
-72 -72 -68
-71 -73 -68
-72 -70 -68
-72 -70 -68
-71 -70 -68
-72 -70 -68
-72 -70 -68
-72 -70 -68
-72 -70 -68
-72 -70 -68
-72 -70 -68
-72 -70 -68
-72 -70 -68
-73 -71 -68
-73 -70 -68
-73 -70 -68
-73 -70 -68
-72 -70 -69
-72 -70 -70
-72 -70 -71
-72 -70 -70
-72 -70 -70
-72 -71 -69
-72 -71 -69
-72 -71 -69
-71 -71 -69
-70 -71 -69
-70 -71 -69
-70 -71 -69
-70 -71 -69
-70 -71 -69
-70 -71 -69
-70 -71 -69
-70 -70 -69
-70 -71 -69
-70 -71 -69
-70 -71 -69
-70 -71 -69
-70 -71 -69
-69 -71 -69
-69 -71 -69
-69 -71 -69
-69 -70 -69
-69 -69 -69
-69 -69 -69
-69 -69 -69
-69 -69 -69
-69 -69 -69
-69 -68 -69
-69 -70 -69
-69 -70 -69
-69 -70 -68
-69 -70 -68
-69 -69 -68
-69 -69 -68
-69 -69 -68
-69 -69 -68
-69 -69 -68
-69 -69 -68
-69 -69 -68
-69 -69 -68
-69 -69 -68
-69 -69 -68
-69 -69 -68
-69 -69 -68
-69 -69 -68
-69 -69 -68
-69 -69 -68
-69 -69 -68
-69 -69 -68
-69 -69 -68
-69 -69 -68
-69 -69 -68
-69 -69 -68
-69 -69 -68
-69 -69 -68
-69 -69 -68
-69 -69 -68
-69 -68 -68
-69 -68 -68
-69 -69 -68
-69 -70 -68
-69 -72 -68
-69 -72 -68
-69 -72 -68
-69 -72 -68
-69 -72 -68
-69 -72 -68
-69 -71 -68
-70 -72 -68
-72 -72 -68
-72 -73 -68
-72 -73 -68
-71 -72 -68
-72 -72 -68
-72 -72 -68
-72 -70 -68
-72 -69 -68
-72 -69 -68
-72 -68 -68
-72 -68 -68
-72 -68 -68
-72 -68 -68
-72 -68 -68
-72 -69 -68
-70 -69 -68
-72 -69 -68
-72 -69 -68
-72 -69 -68
-72 -69 -68
-72 -69 -68
-71 -69 -68
-72 -69 -68
-73 -69 -68
-73 -69 -70
-73 -69 -70
-73 -69 -69
-71 -69 -70
-72 -69 -71
-72 -70 -71
-72 -69 -71
-72 -69 -71
-72 -69 -71
-71 -69 -70
-72 -69 -70
-72 -69 -70
-72 -69 -70
-72 -69 -70
-72 -69 -70
-71 -69 -69
-72 -69 -69
-72 -69 -69
-72 -68 -69
-72 -68 -69
-73 -69 -69
-73 -69 -69
-73 -68 -69
-73 -68 -69
-73 -68 -68
-73 -68 -68
-73 -68 -68
-73 -69 -68
-73 -67 -68
-73 -67 -68
-73 -67 -68
-73 -67 -68
-72 -67 -68
-72 -67 -68
-72 -67 -68
-72 -67 -68
-72 -67 -68
-72 -67 -68
-72 -67 -68
-71 -67 -68
-71 -67 -68
-71 -67 -68
-71 -67 -68
-71 -67 -68
-71 -68 -68
-71 -69 -68
-71 -69 -68
-71 -69 -68
-71 -69 -68
-71 -69 -68
-71 -69 -68
-70 -69 -68
-69 -69 -68
-69 -69 -68
-69 -69 -68
-69 -69 -68
-69 -69 -68
-69 -69 -68
-69 -69 -68
-69 -69 -68
-69 -69 -68
-69 -69 -68
-69 -69 -68
-69 -71 -68
-69 -71 -68
-69 -69 -67
-69 -69 -67
-69 -69 -67
-69 -69 -67
-69 -69 -67
-69 -69 -67
-69 -69 -67
-69 -69 -67
-69 -69 -67
-69 -69 -67
-69 -69 -67
-69 -69 -67
-69 -69 -67
-69 -69 -67
-69 -69 -67
-69 -69 -67
-69 -69 -67
-69 -69 -67
-69 -69 -67
-70 -69 -67
-72 -69 -67
-73 -69 -67
-72 -69 -67
-72 -69 -67
-72 -69 -67
-71 -69 -67
-72 -69 -67
-72 -69 -67
-72 -69 -67
-72 -69 -67
-72 -69 -67
-72 -69 -67
-72 -69 -67
-72 -69 -67
-72 -69 -67
-72 -69 -67
-72 -69 -67
-72 -69 -67
-72 -70 -67
-72 -69 -67
-72 -69 -67
-72 -69 -67
-71 -70 -67
-71 -70 -67
-71 -70 -67
-71 -70 -67
-70 -69 -67
-70 -69 -67
-70 -69 -67
-69 -69 -67
-69 -70 -67
-69 -69 -67
-69 -69 -67
-69 -69 -67
-69 -69 -67
-69 -69 -67
-69 -69 -67
-69 -69 -67
-69 -69 -67
-69 -69 -67
-69 -69 -67
-69 -69 -67
-69 -68 -67
-69 -68 -67
-69 -68 -67
-69 -68 -67
-69 -68 -67
-69 -68 -67
-69 -68 -67
-69 -68 -67
-69 -69 -67
-69 -69 -68
-69 -69 -70
-69 -69 -70
-70 -69 -69
-72 -69 -69
-73 -69 -69
-73 -69 -69
-72 -69 -69
-72 -69 -69
-73 -70 -69
-70 -70 -69
-69 -70 -69
-69 -70 -69
-69 -70 -69
-69 -70 -69
-69 -70 -69
-69 -70 -69
-69 -69 -69
-69 -69 -69
-69 -69 -69
-69 -69 -69
-69 -69 -69
-69 -69 -69
-69 -69 -69
-69 -69 -69
-69 -69 -68
-69 -69 -68
-69 -69 -68
-69 -69 -68
-69 -69 -68
-69 -69 -68
-69 -69 -68
-69 -69 -68
-69 -69 -68
-69 -69 -68
-69 -69 -68
-69 -69 -69
-69 -69 -70
-69 -69 -71
-69 -69 -69
-69 -69 -69
-69 -69 -69
-69 -69 -69
-69 -69 -69
-69 -69 -69
-69 -69 -69
-69 -69 -69
-69 -69 -69
-69 -69 -69
-69 -69 -68
-69 -69 -68
-69 -70 -68
-69 -71 -68
-69 -72 -68
-69 -71 -68
-69 -71 -68
-69 -72 -68
-69 -71 -68
-69 -71 -68
-69 -71 -68
-69 -71 -68
-69 -71 -68
-69 -72 -68
-69 -72 -68
-69 -73 -68
-69 -73 -68
-69 -73 -68
-69 -72 -68
-69 -72 -68
-69 -72 -68
-69 -72 -68
-69 -72 -68
-69 -71 -68
-69 -71 -68
-69 -70 -68
-69 -70 -68
-69 -70 -68
-69 -71 -68
-69 -71 -68
-69 -71 -68
-69 -71 -68
-69 -70 -68
-69 -70 -68
-69 -70 -68
-69 -70 -68
-69 -70 -68
-69 -69 -68
-69 -69 -68
-69 -69 -68
-69 -69 -68
-69 -69 -68
-69 -69 -68
-69 -68 -68
-69 -68 -68
-69 -68 -68
-69 -68 -68
-69 -69 -68
-69 -70 -68
-69 -70 -68
-69 -70 -68
-69 -70 -68
-69 -70 -68
-69 -70 -68
-69 -71 -68
-69 -70 -68
-69 -69 -68
-69 -69 -68
-69 -69 -68
-69 -69 -68
-69 -69 -68
-69 -69 -68
-69 -69 -68
-69 -69 -68
-69 -70 -68
-69 -69 -68
-69 -69 -68
-69 -69 -68
-69 -69 -68
-69 -69 -68
-69 -69 -68
-70 -69 -68
-70 -69 -68
-70 -69 -68
-70 -69 -68
-69 -69 -68
-69 -69 -68
-69 -69 -68
-69 -69 -68
-69 -68 -68
-69 -69 -68
-69 -69 -68
-69 -69 -67
-69 -69 -67
-69 -69 -67
-69 -69 -67
-69 -69 -67
-69 -69 -67
-69 -69 -67
-69 -69 -67
-69 -69 -67
-69 -69 -67
-69 -69 -67
-69 -69 -67
-69 -69 -67
-69 -69 -67
-69 -69 -67
-69 -69 -67
-69 -69 -67
-69 -69 -67
-69 -69 -67
-69 -69 -67
-69 -70 -67
-69 -70 -67
-69 -69 -67
-69 -69 -67
-69 -69 -67
-69 -69 -67
-69 -69 -67
-69 -69 -67
-69 -69 -67
-69 -69 -67
-69 -71 -67
-70 -71 -67
-70 -71 -67
-70 -72 -67
-69 -71 -67
-69 -71 -67
-69 -71 -67
-69 -71 -67
-70 -71 -67
-69 -71 -67
-69 -72 -67
-69 -72 -67
-69 -72 -67
-69 -72 -67
-69 -72 -70
-69 -72 -69
-69 -70 -68
-69 -70 -68
-69 -70 -68
-69 -70 -68
-69 -70 -68
-69 -70 -68
-69 -70 -68
-69 -70 -68
-69 -70 -68
-69 -70 -68
-69 -70 -68
-69 -70 -68
-69 -70 -68
-69 -70 -68
-69 -70 -68
-69 -70 -68
-69 -70 -68
-69 -70 -68
-69 -70 -68
-69 -70 -68
-69 -70 -68
-69 -70 -68
-69 -70 -68
-69 -70 -68
-69 -70 -68
-69 -69 -68
-69 -69 -68
-69 -69 -68
-69 -69 -68
-69 -69 -68
-69 -69 -68
-69 -69 -68
-69 -69 -68
-69 -69 -68
-69 -69 -68
-69 -69 -68
-69 -69 -68
-69 -69 -68
-69 -69 -68
-69 -69 -68
-69 -69 -68
-69 -69 -68
-69 -69 -68
-69 -69 -68
-69 -69 -68
-69 -69 -68
-69 -69 -68
-69 -69 -68
-69 -69 -68
-69 -69 -68
-69 -69 -68
-69 -69 -68
-69 -68 -68
-69 -68 -68
-69 -68 -68
-69 -68 -68
-69 -68 -68
-69 -68 -68
-70 -68 -68
-72 -69 -68
-73 -69 -68
-72 -69 -68
-72 -69 -69
-72 -69 -69
-72 -69 -69
-72 -69 -69
-72 -69 -69
-72 -69 -69
-71 -69 -69
-71 -69 -69
-71 -69 -69
-71 -69 -69
-71 -69 -69
-71 -69 -69
-70 -69 -69
-71 -69 -69
-71 -69 -68
-71 -69 -68
-71 -69 -68
-71 -69 -68
-71 -69 -68
-71 -69 -68
-71 -69 -68
-71 -69 -68
-71 -70 -68
-71 -70 -68
-71 -70 -68
-71 -71 -68
-70 -71 -68
-70 -71 -68
-70 -71 -68
-70 -70 -68
-70 -70 -68
-70 -70 -68
-71 -69 -68
-71 -69 -68
-71 -69 -68
-71 -69 -68
-71 -69 -68
-71 -69 -68
-71 -69 -68
-71 -69 -68
-71 -69 -68
-71 -69 -68
-70 -69 -68
-70 -69 -68
-70 -69 -68
-70 -69 -68
-71 -69 -68
-71 -69 -68
-71 -69 -68
-71 -69 -68
-71 -69 -68
-71 -69 -68
-71 -69 -68
-71 -69 -68
-70 -69 -68
-70 -69 -68
-70 -69 -68
-70 -69 -68
-70 -69 -68
-70 -69 -68
-70 -69 -68
-70 -69 -68
-70 -69 -68
-70 -69 -68
-71 -69 -68
-71 -69 -68
-71 -69 -68
-71 -69 -68
-71 -69 -68
-71 -69 -68
-71 -69 -68
-71 -69 -68
-71 -69 -68
-71 -69 -68
-71 -69 -68
-71 -69 -68
-70 -69 -68
-70 -69 -68
-70 -69 -68
-69 -69 -68
-69 -69 -68
-69 -69 -68
-69 -69 -68
-68 -69 -68
-68 -69 -68
-68 -69 -68
-68 -69 -68
-68 -69 -68
-68 -69 -68
-68 -69 -68
-68 -69 -68
-68 -69 -68
-68 -69 -68
-68 -69 -68
-68 -69 -68
-68 -69 -68
-68 -69 -68
-69 -69 -68
-70 -69 -68
-70 -69 -68
-70 -69 -68
-71 -69 -69
-71 -69 -70
-71 -69 -70
-71 -69 -70
-71 -69 -69
-71 -69 -70
-71 -69 -70
-71 -69 -70
-71 -69 -71
-71 -69 -71
-71 -69 -70
-71 -69 -70
-71 -69 -70
-71 -69 -71
-71 -69 -72
-71 -69 -71
-71 -69 -71
-71 -69 -70
-71 -69 -71
-71 -69 -71
-71 -69 -71
-72 -69 -70
-72 -69 -70
-72 -69 -70
-72 -69 -70
-72 -69 -71
-72 -69 -71
-71 -69 -71
-71 -69 -71
-71 -69 -70
-71 -69 -70
-71 -70 -70
-71 -70 -70
-71 -70 -70
-71 -70 -70
-71 -70 -70
-71 -70 -69
-71 -70 -70
-71 -70 -70
-71 -70 -70
-71 -70 -70
-71 -70 -70
-71 -70 -69
-71 -70 -70
-71 -69 -70
-71 -68 -70
-71 -68 -70
-71 -68 -70
-71 -68 -69
-71 -69 -69
-71 -69 -69
-71 -69 -69
-71 -69 -69
-71 -69 -69
-71 -69 -69
-71 -69 -69
-71 -69 -69
-71 -69 -69
-71 -69 -69
-71 -69 -69
-71 -69 -69
-71 -69 -69
-71 -69 -69
-71 -69 -69
-71 -69 -68
-71 -69 -68
-71 -69 -68
-71 -69 -68
-71 -69 -68
-71 -69 -68
-71 -69 -68
-71 -69 -68
-71 -69 -68
-71 -69 -68
-71 -69 -68
-71 -69 -68
-71 -69 -68
-71 -69 -68
-71 -69 -68
-71 -69 -68
-70 -69 -68
-70 -69 -68
-71 -69 -68
-70 -69 -68
-69 -69 -68
-69 -69 -68
-69 -69 -68
-69 -69 -68
-69 -69 -68
-69 -69 -68
-69 -69 -68
-69 -69 -68
-69 -69 -68
-69 -69 -68
-69 -69 -68
-69 -69 -68
-69 -69 -68
-69 -69 -68
-69 -69 -68
-69 -69 -68
-69 -69 -68
-69 -69 -68
-69 -69 -68
-69 -69 -68
-69 -69 -68
-69 -69 -68
-69 -69 -68
-69 -69 -68
-69 -69 -68
-69 -69 -68
-69 -69 -68
-69 -69 -68
-69 -69 -68
-69 -69 -68
-69 -69 -68
-69 -69 -68
-69 -69 -68
-69 -70 -68
-69 -69 -68
-69 -69 -68
-69 -69 -68
-69 -69 -68
-69 -69 -68
-69 -69 -68
-69 -69 -68
-69 -69 -68
-69 -69 -68
-69 -69 -68
-69 -69 -68
-69 -69 -68
-69 -69 -68
-69 -69 -68
-69 -69 -68
-69 -69 -67
-69 -69 -67
-69 -69 -67
-69 -69 -67
-69 -69 -67
-69 -69 -67
-69 -69 -67
-69 -68 -67
-69 -68 -67
-69 -68 -67
-69 -68 -67
-69 -69 -67
-69 -69 -67
-69 -69 -67
-69 -69 -67
-69 -69 -67
-69 -69 -67
-69 -69 -67
-70 -69 -67
-70 -69 -67
-70 -69 -67
-71 -69 -67
-71 -69 -67
-71 -69 -67
-71 -70 -67
-71 -70 -67
-71 -70 -67
-71 -69 -67
-71 -69 -67
-71 -69 -67
-71 -69 -67
-71 -69 -67
-71 -69 -67
-71 -69 -67
-71 -69 -67
-71 -69 -67
-71 -69 -67
-71 -69 -67
-71 -69 -67
-71 -69 -67
-71 -69 -67
-71 -69 -67
-71 -69 -67
-71 -69 -67
-71 -69 -69
-69 -68 -69
-69 -68 -69
-69 -69 -69
-69 -68 -69
-69 -68 -69
-69 -68 -69
-69 -68 -69
-69 -68 -69
-69 -68 -69
-69 -68 -69
-69 -68 -69
-69 -68 -70
-69 -68 -70
-69 -68 -69
-69 -68 -69
-69 -68 -68
-69 -68 -68
-69 -68 -68
-69 -68 -68
-69 -68 -68
-69 -68 -68
-69 -68 -68
-69 -68 -68
-69 -68 -68
-69 -68 -68
-69 -68 -68
-69 -68 -68
-69 -68 -68
-69 -68 -68
-69 -68 -68
-69 -68 -68
-69 -68 -68
-69 -68 -68
-69 -69 -68
-69 -69 -68
-69 -69 -68
-69 -69 -68
-69 -69 -68
-69 -69 -68
-69 -69 -68
-69 -69 -68
-69 -69 -68
-69 -69 -68
-71 -69 -68
-72 -69 -68
-72 -69 -68
-72 -69 -68
-72 -69 -68
-72 -69 -68
-72 -69 -68
-72 -69 -68
-71 -69 -68
-71 -69 -68
-70 -69 -68
-70 -69 -68
-69 -69 -68
-69 -69 -68
-69 -69 -68
-69 -69 -68
-69 -69 -68
-69 -69 -68
-69 -69 -68
-69 -69 -68
-69 -69 -68
-69 -69 -68
-69 -69 -68
-69 -69 -68
-69 -69 -68
-69 -69 -68
-69 -69 -68
-69 -69 -68
-69 -69 -68
-69 -69 -68
-69 -69 -68
-69 -69 -68
-69 -69 -68
-69 -69 -68
-69 -69 -68
-69 -69 -68
-69 -69 -68
-69 -69 -68
-69 -69 -68
-69 -69 -68
-69 -69 -68
-69 -69 -68
-69 -69 -68
-69 -69 -68
-69 -69 -68
-69 -69 -68
-69 -69 -68
-69 -69 -68
-69 -70 -68
-69 -69 -68
-69 -69 -68
-69 -69 -68
-69 -69 -68
-69 -69 -68
-69 -69 -68
-69 -70 -68
-69 -70 -68
-69 -70 -68
-69 -69 -68
-69 -69 -68
-69 -69 -68
-69 -69 -68
-69 -68 -68
-69 -68 -68
-69 -68 -68
-69 -68 -68
-69 -68 -68
-69 -68 -68
-69 -68 -68
-69 -68 -68
-69 -68 -68
-69 -68 -68
-69 -68 -68
-69 -68 -68
-69 -68 -68
-69 -68 -68
-69 -68 -68
-69 -68 -68
-69 -68 -68
-69 -68 -68
-69 -68 -68
-69 -68 -68
-69 -67 -67
-68 -68 -67
-69 -68 -67
-69 -68 -67
-69 -68 -69
-69 -68 -69
-69 -68 -71
-69 -68 -71
-69 -68 -69
-69 -68 -70
-69 -68 -70
-69 -68 -70
-69 -68 -70
-69 -68 -70
-69 -68 -70
-69 -68 -69
-69 -68 -69
-69 -68 -69
-69 -68 -69
-69 -68 -69
-69 -68 -69
-69 -68 -69
-69 -68 -68
-69 -68 -68
-69 -68 -68
-69 -68 -68
-69 -68 -68
-69 -68 -68
-69 -69 -68
-69 -69 -68
-69 -69 -68
-69 -69 -68
-69 -69 -68
-69 -69 -68
-69 -69 -68
-69 -69 -68
-69 -69 -68
-69 -69 -68
-69 -69 -68
-69 -69 -68
-69 -69 -68
-69 -69 -68
-69 -69 -68
-69 -69 -68
-69 -69 -68
-69 -69 -68
-69 -69 -68
-69 -69 -68
-69 -69 -68
-71 -69 -68
-71 -69 -68
-71 -69 -68
-71 -70 -68
-70 -70 -68
-69 -70 -68
-69 -70 -68
-69 -69 -68
-69 -69 -68
-69 -69 -68
-70 -69 -68
-71 -69 -68
-72 -69 -68
-72 -69 -68
-70 -69 -68
-69 -69 -68
-69 -69 -68
-69 -69 -68
-71 -69 -67
-72 -69 -67
-72 -70 -67
-71 -70 -67
-71 -70 -67
-70 -69 -67
-69 -69 -67
-69 -70 -67
-69 -70 -67
-69 -70 -67
-69 -69 -67
-69 -69 -67
-69 -69 -67
-69 -69 -67
-69 -69 -67
-69 -69 -67
-69 -69 -67
-69 -69 -67
-69 -69 -67
-69 -69 -69
-69 -69 -70
-69 -69 -70
-69 -69 -70
-69 -69 -70
-69 -69 -71
-69 -69 -72
-69 -69 -70
-69 -69 -70
-69 -70 -71
-69 -71 -69
-69 -71 -71
-69 -72 -71
-69 -71 -71
-69 -71 -71
-69 -72 -71
-69 -72 -70
-69 -71 -69
-69 -72 -68
-69 -72 -68
-69 -70 -68
-69 -69 -68
-69 -69 -68
-69 -69 -68
-69 -69 -68
-69 -69 -68
-69 -69 -68
-69 -69 -68
-69 -69 -68
-69 -69 -68
-69 -69 -68
-69 -69 -68
-69 -69 -68
-69 -69 -68
-69 -69 -68
-69 -69 -68
-69 -69 -68
-69 -69 -68
-69 -69 -68
-69 -69 -68
-69 -69 -68
-69 -69 -68
-69 -69 -68
-69 -69 -68
-69 -69 -68
-70 -69 -68
-70 -69 -68
-72 -69 -68
-72 -69 -68
-72 -69 -68
-72 -69 -68
-72 -69 -68
-72 -69 -67
-72 -70 -67
-72 -70 -67
-72 -70 -67
-72 -70 -67
-71 -69 -66
-69 -69 -66
-69 -69 -66
-69 -69 -66
-69 -69 -66
-69 -69 -66
-69 -69 -66
-69 -69 -66
-69 -69 -66
-69 -69 -66
-69 -69 -66
-69 -71 -66
-69 -71 -66
-69 -72 -67
-69 -73 -67
-69 -71 -67
-69 -70 -67
-69 -69 -67
-69 -69 -67
-69 -69 -69
-69 -69 -70
-69 -69 -70
-69 -69 -71
-69 -69 -69
-69 -69 -68
-69 -70 -68
-69 -72 -68
-69 -71 -68
-69 -71 -67
-69 -71 -67
-69 -73 -67
-69 -72 -67
-69 -73 -67
-69 -73 -67
-69 -72 -67
-69 -71 -67
-68 -72 -66
-68 -72 -67
-68 -72 -67
-68 -72 -67
-68 -72 -67
-68 -71 -67
-68 -71 -67
-68 -71 -67
-68 -71 -67
-68 -69 -67
-69 -70 -67
-69 -70 -67
-69 -70 -67
-68 -70 -67
-68 -70 -67
-68 -70 -67
-68 -71 -67
-68 -71 -67
-68 -70 -67
-68 -70 -66
-68 -70 -66
-68 -70 -66
-68 -70 -67
-68 -70 -67
-68 -70 -67
-68 -70 -67
-68 -70 -67
-68 -70 -67
-68 -70 -67
-68 -69 -67
-68 -69 -67
-68 -69 -67
-68 -69 -67
-68 -69 -67
-68 -69 -67
-68 -69 -67
-70 -69 -67
-72 -69 -67
-72 -69 -67
-72 -69 -67
-71 -69 -67
-72 -69 -67
-72 -69 -67
-71 -69 -67
-72 -69 -67
-72 -70 -67
-71 -71 -71
-73 -73 -71
-73 -71 -71
-73 -71 -70
-73 -72 -71
-72 -72 -70
-72 -70 -70
-72 -69 -70
-72 -69 -71
-72 -69 -69
-72 -69 -69
-72 -69 -67
-72 -71 -67
-72 -71 -67
-71 -73 -67
-71 -73 -67
-71 -71 -67
-71 -71 -67
-71 -70 -67
-71 -70 -67
-71 -70 -67
-71 -70 -67
-71 -70 -67
-71 -70 -67
-70 -70 -67
-70 -70 -67
-70 -70 -67
-70 -71 -67
-70 -70 -67
-69 -70 -67
-69 -70 -67
-69 -69 -67
-69 -69 -67
-69 -69 -67
-69 -69 -67
-69 -69 -67
-69 -69 -67
-69 -69 -67
-69 -69 -67
-69 -69 -67
-69 -69 -67
-69 -69 -67
-69 -69 -67
-69 -69 -67
-69 -69 -67
-69 -69 -67
-69 -69 -67
-69 -69 -67
-69 -69 -67
-69 -69 -67
-69 -69 -67
-69 -69 -67
-69 -69 -67
-69 -69 -67
-69 -69 -67
-69 -70 -67
-69 -70 -67
-69 -71 -69
-69 -70 -70
-69 -70 -71
-69 -70 -71
-69 -70 -70
-69 -70 -71
-69 -70 -71
-69 -71 -70
-69 -71 -70
-69 -71 -70
-69 -71 -70
-69 -71 -70
-69 -71 -70
-69 -71 -70
-69 -71 -70
-69 -71 -70
-69 -71 -70
-69 -71 -70
-69 -71 -69
-70 -71 -69
-72 -71 -69
-73 -71 -69
-73 -71 -69
-71 -70 -68
-72 -70 -68
-72 -70 -68
-70 -70 -68
-72 -70 -68
-72 -70 -68
-71 -70 -68
-71 -70 -68
-72 -70 -68
-73 -70 -68
-72 -69 -68
-72 -69 -68
-72 -69 -68
-71 -69 -68
-72 -69 -68
-72 -69 -68
-73 -69 -68
-72 -69 -68
-72 -69 -68
-71 -69 -68
-71 -69 -68
-71 -69 -68
-71 -69 -68
-71 -69 -68
-71 -69 -68
-71 -69 -68
-71 -69 -68
-71 -69 -68
-71 -69 -68
-71 -69 -68
-71 -69 -68
-71 -69 -68
-71 -69 -68
-71 -70 -68
-71 -70 -68
-71 -70 -69
-71 -70 -69
-71 -70 -69
-71 -70 -70
-71 -70 -69
-71 -69 -69
-71 -69 -69
-71 -70 -69
-70 -71 -69
-70 -71 -69
-70 -71 -68
-70 -70 -68
-71 -72 -68
-71 -72 -68
-71 -72 -68
-71 -72 -68
-71 -72 -68
-71 -71 -68
-71 -72 -68
-71 -72 -68
-71 -72 -69
-71 -72 -69
-71 -73 -70
-71 -72 -72
-71 -70 -70
-71 -70 -72
-70 -70 -72
-70 -70 -72
-69 -70 -71
-69 -70 -71
-69 -70 -71
-69 -70 -70
-69 -70 -72
-69 -70 -72
-69 -70 -71
-69 -72 -70
-69 -72 -70
-69 -72 -70
-69 -72 -70
-69 -70 -70
-69 -70 -70
-69 -70 -70
-69 -70 -70
-69 -70 -69
-69 -70 -69
-69 -70 -69
-69 -70 -69
-69 -70 -68
-69 -70 -68
-69 -69 -68
-69 -69 -68
-69 -69 -68
-69 -69 -68
-70 -70 -68
-71 -70 -68
-72 -70 -68
-70 -70 -68
-69 -70 -68
-69 -70 -68
-69 -69 -68
-69 -69 -68
-69 -69 -68
-69 -69 -68
-69 -69 -68
-69 -69 -68
-69 -69 -68
-69 -69 -68
-69 -69 -68
-69 -69 -68
-69 -69 -68
-69 -69 -68
-69 -70 -68
-69 -70 -68
-69 -70 -68
-69 -70 -68
-69 -70 -68
-69 -70 -68
-69 -70 -68
-69 -69 -68
-71 -69 -68
-72 -69 -68
-72 -69 -68
-70 -69 -68
-71 -69 -68
-72 -69 -68
-72 -70 -68
-72 -71 -68
-72 -71 -68
-72 -72 -68
-70 -71 -68
-72 -71 -68
-72 -70 -68
-72 -70 -68
-72 -70 -68
-72 -70 -68
-72 -70 -69
-72 -70 -69
-72 -70 -69
-72 -70 -69
-71 -70 -69
-71 -70 -69
-71 -70 -69
-71 -70 -69
-71 -69 -69
-71 -69 -68
-71 -69 -68
-71 -69 -68
-71 -69 -68
-71 -69 -68
-71 -69 -68
-71 -69 -68
-71 -69 -68
-71 -70 -68
-71 -70 -68
-71 -70 -68
-71 -70 -68
-71 -70 -68
-71 -70 -68
-71 -70 -68
-71 -70 -68
-71 -70 -68
-71 -70 -68
-71 -70 -68
-71 -70 -68
-71 -70 -68
-71 -70 -68
-71 -69 -68
-71 -69 -68
-71 -69 -68
-71 -69 -68
-71 -69 -68
-71 -69 -68
-71 -70 -68
-71 -70 -68
-71 -70 -68
-71 -70 -68
-71 -70 -68
-71 -70 -68
-71 -70 -68
-71 -70 -68
-71 -70 -68
-71 -70 -68
-71 -70 -68
-71 -70 -68
-71 -70 -68
-71 -70 -68
-71 -70 -68
-70 -69 -68
-69 -69 -68
-69 -69 -68
-70 -69 -68
-69 -69 -68
-69 -69 -68
-69 -71 -68
-71 -71 -68
-70 -71 -68
-69 -71 -68
-69 -71 -68
-69 -71 -68
-69 -71 -68
-69 -71 -68
-69 -71 -68
-69 -69 -68
-69 -69 -68
-69 -69 -68
-69 -69 -68
-69 -69 -68
-69 -70 -68
-69 -70 -68
-69 -70 -68
-69 -69 -68
-69 -69 -68
-69 -69 -68
-69 -69 -68
-69 -69 -68
-70 -69 -68
-69 -69 -68
-69 -70 -68
-69 -70 -68
-69 -70 -68
-69 -70 -68
-69 -70 -68
-69 -70 -68
-69 -69 -68
-69 -69 -68
-69 -69 -68
-69 -69 -68
-69 -69 -68
-69 -69 -70
-69 -69 -71
-69 -69 -71
-69 -69 -69
-69 -69 -69
-69 -71 -69
-69 -72 -69
-69 -71 -69
-69 -70 -69
-69 -70 -69
-72 -70 -69
-72 -69 -69
-72 -69 -69
-70 -69 -69
-70 -68 -69
-69 -68 -68
-69 -68 -68
-69 -69 -68
-69 -69 -68
-69 -69 -68
-69 -69 -68
-69 -69 -68
-69 -69 -68
-69 -69 -68
-69 -69 -68
-69 -69 -68
-69 -69 -68
-69 -69 -68
-69 -69 -68
-69 -69 -68
-69 -69 -68
-69 -69 -68
-69 -69 -68
-69 -69 -68
-69 -69 -68
-69 -69 -68
-69 -68 -68
-69 -68 -68
-69 -68 -68
-69 -68 -68
-69 -68 -68
-69 -68 -68
-69 -69 -68
-69 -69 -68
-69 -69 -69
-69 -69 -70
-69 -69 -71
-69 -69 -70
-69 -69 -70
-69 -71 -71
-69 -71 -70
-69 -71 -69
-69 -72 -69
-69 -72 -69
-69 -72 -69
-69 -71 -69
-69 -71 -69
-69 -71 -69
-69 -71 -69
-69 -71 -69
-69 -71 -69
-69 -71 -69
-69 -71 -69
-69 -71 -69
-69 -71 -69
-69 -71 -69
-69 -71 -69
-69 -71 -69
-69 -71 -68
-69 -71 -68
-69 -71 -68
-69 -71 -68
-69 -71 -68
-69 -71 -68
-69 -71 -68
-69 -71 -68
-69 -71 -68
-69 -71 -68
-69 -71 -68
-70 -71 -68
-71 -71 -68
-71 -71 -68
-71 -71 -68
-71 -71 -68
-71 -71 -68
-71 -71 -68
-71 -71 -68
-71 -71 -68
-71 -71 -68
-71 -70 -68
-71 -70 -68
-71 -70 -68
-71 -70 -68
-71 -71 -68
-71 -71 -68
-71 -71 -68
-71 -71 -68
-71 -71 -68
-71 -71 -68
-71 -71 -68
-71 -71 -68
-71 -71 -68
-71 -71 -68
-71 -70 -68
-71 -69 -68
-71 -69 -69
-71 -69 -70
-71 -69 -70
-71 -69 -70
-71 -69 -70
-71 -69 -70
-72 -69 -68
-72 -69 -68
-72 -69 -68
-72 -69 -68
-71 -69 -67
-71 -69 -67
-71 -69 -67
-71 -70 -67
-71 -70 -67
-71 -70 -67
-71 -70 -67
-71 -70 -67
