-70 -72 -70
-69 -69 -71
-69 -70 -70
-68 -69 -68
-66 -69 -68
-73 -69 -68
-70 -69 -69
-66 -70 -66
-67 -70 -67
-70 -70 -68
-71 -69 -67
-71 -69 -67
-71 -69 -68
-71 -69 -67
-71 -69 -67
-71 -69 -67
-69 -68 -66
-67 -68 -68
-67 -68 -68
-67 -69 -69
-68 -69 -69
-68 -69 -69
-68 -68 -69
-70 -68 -69
-73 -69 -67
-73 -69 -67
-68 -69 -67
-67 -69 -67
-67 -69 -68
-66 -69 -68
-65 -69 -68
-65 -69 -68
-65 -69 -69
-66 -69 -69
-66 -68 -69
-67 -68 -69
-67 -69 -70
-67 -69 -70
-67 -69 -70
-67 -69 -70
-67 -69 -70
-66 -69 -70
-67 -69 -69
-67 -69 -69
-67 -69 -69
-67 -68 -69
-67 -66 -71
-68 -66 -70
-67 -67 -69
-67 -68 -69
-67 -69 -69
-68 -70 -68
-67 -70 -69
-66 -70 -69
-67 -71 -69
-67 -71 -69
-67 -71 -69
-67 -71 -68
-67 -71 -68
-67 -71 -68
-68 -72 -68
-68 -72 -68
-67 -73 -68
-68 -73 -68
-71 -72 -68
-71 -71 -67
-71 -71 -67
-71 -70 -68
-72 -70 -68
-70 -73 -68
-70 -72 -71
-70 -72 -70
-70 -72 -69
-72 -72 -70
-70 -71 -68
-70 -71 -68
-67 -70 -67
-67 -70 -69
-67 -70 -70
-68 -70 -68
-71 -70 -67
-70 -70 -67
-68 -70 -67
-67 -70 -67
-66 -69 -68
-66 -69 -68
-66 -69 -68
-66 -68 -69
-67 -68 -69
-67 -67 -68
-67 -67 -68
-69 -68 -71
-68 -68 -71
-69 -69 -70
-70 -69 -69
-69 -69 -69
-70 -69 -71
-70 -69 -71
-70 -69 -71
-69 -68 -70
-69 -68 -69
-68 -68 -68
-68 -68 -69
-68 -68 -69
-68 -68 -69
-69 -68 -68
-68 -68 -68
-68 -68 -68
-68 -68 -68
-68 -68 -68
-69 -70 -68
-69 -70 -68
-69 -70 -68
-69 -70 -68
-69 -70 -68
-69 -70 -68
-69 -70 -68
-69 -71 -68
-69 -71 -68
-69 -71 -68
-68 -71 -68
-68 -71 -68
-68 -70 -68
-68 -70 -68
-68 -70 -69
-68 -70 -69
-68 -70 -69
-68 -70 -69
-68 -70 -69
-68 -70 -69
-68 -70 -69
-68 -70 -69
-67 -70 -69
-67 -70 -69
-67 -70 -69
-67 -70 -70
-67 -69 -70
-67 -69 -69
-67 -69 -69
-67 -69 -69
-69 -69 -69
-69 -69 -69
-69 -69 -69
-69 -69 -69
-69 -69 -69
-70 -69 -69
-70 -69 -69
-70 -69 -69
-70 -69 -68
-70 -69 -69
-69 -69 -69
-68 -68 -67
-68 -68 -68
-69 -68 -68
-69 -68 -68
-69 -68 -68
-69 -68 -69
-69 -68 -70
-69 -68 -70
-69 -68 -71
-69 -68 -70
-69 -68 -71
-68 -68 -71
-69 -68 -69
-70 -68 -69
-71 -68 -68
-70 -68 -68
-68 -68 -69
-65 -68 -69
-65 -68 -68
-65 -69 -68
-65 -69 -68
-65 -69 -69
-65 -69 -69
-65 -69 -69
-66 -69 -69
-67 -69 -69
-67 -69 -69
-68 -69 -69
-67 -68 -69
-65 -68 -69
-64 -68 -69
-64 -69 -69
-64 -69 -69
-66 -69 -69
-70 -69 -68
-70 -69 -68
-70 -69 -68
-70 -69 -68
-70 -69 -68
-70 -69 -68
-69 -69 -67
-68 -69 -67
-68 -69 -68
-69 -69 -69
-69 -69 -69
-69 -69 -69
-70 -69 -69
-70 -69 -69
-71 -69 -68
-72 -71 -68
-72 -70 -68
-72 -69 -68
-72 -69 -69
-72 -69 -69
-74 -69 -69
-72 -69 -69
-71 -68 -69
-70 -67 -69
-70 -68 -70
-70 -68 -68
-72 -68 -68
-73 -69 -70
-74 -70 -70
-73 -70 -68
-75 -70 -69
-75 -71 -69
-72 -72 -70
-69 -72 -70
-69 -72 -69
-70 -71 -69
-69 -69 -68
-68 -69 -70
-69 -69 -68
-68 -69 -67
-70 -69 -68
-69 -70 -70
-68 -69 -70
-66 -69 -70
-65 -68 -70
-65 -67 -70
-65 -67 -70
-66 -68 -70
-67 -68 -70
-69 -68 -67
-69 -71 -69
-70 -71 -69
-73 -69 -68
-74 -69 -68
-72 -69 -70
-71 -69 -69
-69 -69 -69
-68 -67 -69
-68 -65 -69
-68 -65 -68
-68 -65 -64
-68 -65 -64
-70 -65 -66
-70 -66 -68
-69 -66 -70
-69 -67 -70
-69 -67 -70
-69 -65 -71
-69 -65 -71
-71 -66 -70
-73 -66 -70
-70 -67 -70
-69 -68 -69
-70 -68 -69
-70 -68 -69
-70 -68 -68
-70 -67 -68
-70 -66 -68
-70 -66 -68
-72 -68 -69
-72 -68 -69
-72 -68 -68
-72 -68 -67
-73 -69 -67
-75 -70 -67
-75 -68 -67
-75 -68 -70
-75 -68 -70
-74 -68 -71
-76 -68 -70
-74 -68 -67
-71 -68 -66
-69 -68 -67
-69 -68 -68
-68 -69 -68
-68 -70 -68
-70 -70 -68
-70 -71 -69
-69 -68 -70
-69 -66 -68
-71 -67 -67
-73 -68 -67
-70 -68 -69
-71 -67 -67
-73 -67 -67
-73 -70 -68
-72 -69 -67
-73 -68 -68
-71 -67 -68
-70 -69 -71
-70 -69 -69
-71 -69 -68
-71 -69 -68
-72 -68 -65
-71 -68 -69
-71 -68 -69
-70 -71 -71
-70 -71 -71
-70 -70 -68
-70 -68 -70
-70 -67 -72
-71 -67 -70
-71 -67 -70
-73 -67 -70
-72 -68 -70
-71 -71 -70
-70 -71 -69
-71 -72 -69
-71 -75 -71
-70 -73 -71
-70 -73 -71
-73 -74 -71
-74 -73 -71
-71 -72 -71
-72 -72 -71
-71 -73 -72
-72 -74 -72
-73 -73 -71
-71 -72 -71
-72 -72 -71
-74 -72 -69
-72 -72 -69
-73 -72 -69
-71 -72 -69
-74 -72 -69
-72 -72 -69
-75 -73 -70
-71 -72 -70
-73 -72 -70
-71 -72 -70
-69 -71 -70
-69 -72 -70
-72 -74 -70
-71 -72 -70
-72 -72 -69
-73 -70 -69
-71 -68 -69
-70 -67 -69
-70 -67 -69
-70 -68 -69
-74 -69 -69
-71 -69 -69
-71 -69 -69
-71 -69 -69
-68 -68 -70
-72 -68 -70
-74 -68 -69
-71 -69 -69
-71 -69 -69
-71 -69 -69
-71 -69 -69
-70 -70 -69
-69 -71 -70
-69 -73 -70
-71 -73 -69
-71 -73 -69
-70 -71 -69
-70 -68 -68
-70 -68 -68
-70 -68 -68
-70 -68 -68
-69 -68 -68
-69 -68 -68
-69 -68 -68
-68 -68 -67
-69 -68 -66
-69 -68 -66
-69 -67 -66
-69 -67 -66
-69 -68 -66
-70 -69 -66
-70 -69 -66
-70 -69 -67
-70 -69 -67
-70 -69 -66
-69 -70 -66
-71 -71 -67
-71 -71 -67
-71 -71 -67
-71 -71 -67
-72 -68 -67
-72 -68 -67
-72 -68 -68
-71 -68 -68
-72 -68 -68
-72 -68 -68
-72 -68 -67
-71 -69 -67
-71 -69 -66
-71 -68 -66
-72 -68 -66
-72 -69 -66
-71 -69 -66
-71 -70 -66
-71 -70 -66
-71 -70 -66
-70 -70 -66
-70 -72 -66
-70 -72 -67
-72 -72 -67
-72 -73 -67
-72 -72 -67
-71 -72 -67
-71 -71 -67
-70 -71 -67
-72 -69 -67
-72 -69 -67
-70 -69 -68
-70 -69 -68
-70 -69 -68
-70 -69 -68
-71 -69 -69
-73 -69 -69
-72 -68 -69
-72 -68 -69
-73 -68 -69
-73 -68 -69
-73 -68 -69
-73 -69 -69
-73 -69 -69
-74 -70 -69
-72 -70 -69
-71 -71 -69
-72 -72 -70
-72 -71 -70
-72 -71 -69
-71 -71 -69
-71 -71 -69
-70 -71 -69
-70 -70 -68
-70 -70 -68
-71 -71 -68
-71 -71 -68
-71 -70 -68
-71 -71 -69
-71 -71 -69
-72 -71 -69
-72 -71 -69
-72 -72 -69
-72 -73 -69
-71 -73 -69
-72 -73 -69
-71 -72 -70
-71 -71 -70
-71 -71 -71
-71 -71 -71
-70 -71 -71
-70 -71 -71
-70 -72 -71
-70 -72 -71
-70 -71 -71
-70 -71 -71
-70 -71 -71
-70 -72 -71
-70 -72 -71
-70 -72 -71
-70 -73 -71
-71 -73 -71
-71 -72 -71
-71 -72 -70
-72 -72 -70
-72 -72 -69
-72 -72 -69
-72 -71 -69
-72 -71 -69
-72 -71 -69
-72 -70 -69
-72 -70 -69
-72 -70 -69
-72 -70 -69
-71 -69 -69
-71 -69 -69
-71 -69 -69
-71 -69 -69
-71 -69 -69
-71 -69 -69
-71 -69 -69
-71 -69 -68
-72 -69 -68
-73 -70 -69
-72 -70 -69
-71 -70 -69
-71 -69 -69
-71 -69 -68
-71 -69 -68
-71 -69 -69
-71 -69 -69
-71 -69 -69
-71 -69 -68
-72 -69 -68
-72 -69 -68
-72 -72 -68
-72 -71 -70
-74 -71 -70
-72 -70 -68
-73 -70 -68
-73 -70 -69
-71 -70 -70
-71 -70 -69
-70 -69 -68
-70 -69 -68
-70 -69 -68
-70 -69 -68
-69 -69 -69
-69 -69 -70
-71 -69 -70
-72 -69 -72
-72 -69 -72
-72 -69 -71
-70 -69 -71
-72 -69 -71
-72 -69 -70
-71 -69 -69
-71 -69 -69
-72 -69 -69
-72 -69 -69
-72 -69 -69
-72 -69 -69
-70 -69 -69
-73 -69 -70
-72 -69 -70
-71 -69 -70
-69 -68 -70
-72 -68 -70
-72 -68 -71
-72 -69 -71
-71 -70 -70
-71 -71 -69
-71 -71 -69
-72 -71 -69
-73 -71 -69
-73 -71 -68
-73 -71 -68
-73 -72 -68
-72 -72 -69
-72 -72 -69
-71 -72 -69
-70 -71 -69
-70 -71 -69
-70 -70 -69
-71 -70 -69
-70 -69 -70
-72 -69 -70
-70 -70 -70
-69 -70 -69
-71 -70 -69
-72 -70 -69
-74 -70 -68
-71 -70 -68
-70 -70 -69
-70 -69 -69
-70 -69 -69
-69 -71 -69
-68 -71 -69
-68 -70 -69
-68 -71 -70
-68 -71 -70
-68 -72 -70
-70 -72 -70
-69 -72 -70
-71 -73 -70
-74 -73 -70
-72 -70 -71
-73 -70 -72
-71 -70 -71
-71 -70 -70
-69 -69 -70
-69 -69 -70
-70 -68 -70
-70 -68 -69
-70 -68 -69
-73 -68 -69
-74 -68 -69
-71 -68 -69
-70 -67 -69
-71 -67 -69
-74 -67 -70
-72 -68 -69
-73 -68 -71
-71 -68 -71
-70 -68 -71
-68 -68 -72
-69 -68 -70
-67 -69 -70
-66 -68 -69
-65 -66 -69
-66 -66 -69
-68 -66 -69
-70 -66 -71
-71 -67 -71
-70 -67 -71
-71 -70 -69
-70 -70 -69
-69 -70 -68
-70 -70 -69
-71 -70 -70
-74 -70 -70
-75 -71 -68
-75 -70 -70
-74 -69 -70
-73 -70 -69
-70 -69 -69
-69 -71 -69
-70 -72 -69
-71 -71 -68
-69 -70 -68
-71 -70 -68
-72 -70 -68
-72 -70 -67
-71 -72 -68
-67 -71 -68
-69 -71 -69
-72 -72 -69
-71 -72 -70
-70 -72 -69
-68 -71 -69
-66 -71 -69
-68 -71 -69
-70 -71 -69
-71 -70 -71
-69 -70 -71
-66 -72 -71
-64 -70 -69
-68 -67 -71
-68 -67 -72
-68 -66 -72
-68 -66 -70
-66 -66 -70
-66 -67 -69
-66 -68 -68
-71 -69 -68
-73 -72 -68
-76 -71 -67
-74 -70 -66
-75 -70 -65
-74 -70 -64
-72 -69 -63
-71 -66 -63
-71 -65 -63
-73 -66 -63
-73 -67 -68
-71 -67 -71
-74 -67 -71
-74 -70 -71
-74 -70 -71
-71 -70 -70
-71 -70 -69
-76 -71 -70
-76 -71 -70
-74 -71 -70
-72 -71 -70
-72 -70 -70
-70 -70 -70
-70 -72 -70
-72 -72 -69
-69 -71 -71
-68 -70 -71
-71 -70 -71
-68 -71 -71
-69 -72 -70
-70 -73 -70
-70 -73 -70
-69 -72 -70
-69 -71 -70
-71 -72 -69
-69 -71 -67
-68 -71 -67
-72 -71 -67
-70 -71 -66
-70 -71 -66
-72 -73 -66
-70 -73 -67
-70 -72 -68
-69 -72 -68
-69 -72 -69
-69 -72 -69
-71 -72 -70
-68 -72 -70
-71 -70 -70
-70 -70 -69
-68 -69 -69
-69 -69 -69
-70 -69 -69
-71 -69 -70
-70 -70 -71
-70 -70 -70
-70 -70 -69
-70 -69 -69
-70 -69 -69
-70 -69 -69
-71 -70 -69
-69 -70 -69
-69 -68 -69
-69 -68 -69
-70 -68 -69
-74 -67 -69
-74 -67 -71
-73 -67 -71
-74 -68 -70
-74 -68 -69
-72 -68 -69
-71 -70 -69
-71 -70 -70
-72 -72 -70
-70 -72 -70
-71 -74 -70
-71 -74 -70
-69 -73 -70
-69 -71 -70
-68 -71 -70
-68 -70 -70
-68 -71 -69
-69 -71 -68
-69 -70 -68
-69 -69 -68
-70 -69 -68
-69 -69 -69
-69 -70 -71
-69 -71 -71
-69 -71 -69
-70 -72 -69
-70 -75 -70
-70 -77 -69
-71 -77 -68
-71 -78 -68
-71 -76 -68
-71 -74 -68
-71 -73 -67
-70 -74 -67
-70 -74 -67
-70 -74 -67
-70 -73 -67
-70 -73 -67
-70 -72 -68
-70 -72 -68
-70 -72 -69
-70 -72 -69
-70 -72 -69
-70 -72 -69
-71 -71 -69
-72 -71 -69
-72 -71 -68
-72 -70 -68
-71 -70 -68
-71 -69 -68
-71 -69 -68
-71 -68 -68
-71 -69 -68
-71 -71 -68
-70 -71 -68
-70 -70 -68
-70 -70 -68
-70 -70 -68
-70 -70 -68
-72 -69 -68
-73 -68 -68
-71 -68 -68
-71 -68 -68
-71 -68 -68
-71 -69 -68
-71 -69 -68
-70 -70 -69
-69 -70 -69
-70 -70 -69
-69 -70 -68
-71 -70 -68
-69 -68 -68
-70 -68 -68
-69 -72 -68
-68 -71 -68
-71 -69 -68
-70 -69 -69
-69 -69 -69
-70 -69 -69
-69 -69 -69
-70 -69 -69
-70 -68 -69
-70 -68 -69
-71 -68 -69
-72 -68 -69
-69 -68 -69
-72 -67 -69
-68 -67 -69
-68 -67 -69
-69 -67 -69
-68 -67 -69
-69 -67 -69
-70 -70 -69
-72 -74 -69
-73 -73 -69
-68 -72 -69
-66 -71 -69
-71 -70 -69
-69 -70 -69
-71 -70 -69
-68 -68 -69
-67 -67 -68
-72 -66 -68
-70 -66 -68
-69 -66 -68
-74 -68 -67
-68 -68 -67
-66 -68 -67
-68 -68 -67
-69 -70 -67
-66 -70 -69
-65 -70 -68
-65 -72 -68
-67 -74 -68
-67 -76 -68
-67 -76 -68
-70 -76 -68
-70 -76 -68
-66 -76 -69
-65 -77 -69
-68 -73 -68
-68 -74 -68
-67 -71 -68
-67 -71 -68
-67 -69 -68
-67 -69 -68
-68 -69 -69
-71 -69 -69
-73 -69 -69
-74 -69 -69
-71 -69 -69
-68 -69 -69
-67 -69 -69
-65 -68 -69
-65 -69 -69
-72 -72 -69
-74 -72 -69
-76 -71 -69
-73 -69 -69
-70 -69 -68
-68 -69 -69
-67 -69 -67
-74 -69 -68
-76 -69 -69
-76 -67 -67
-71 -66 -69
-69 -65 -69
-70 -65 -67
-70 -68 -69
-73 -67 -67
-72 -65 -69
-71 -65 -68
-72 -67 -67
-70 -67 -68
-68 -67 -69
-69 -70 -69
-69 -70 -69
-70 -69 -69
-72 -71 -68
-75 -71 -68
-75 -71 -67
-73 -73 -68
-72 -73 -68
-71 -73 -68
-73 -70 -67
-73 -68 -69
-73 -67 -70
-73 -67 -70
-72 -67 -72
-71 -68 -70
-73 -67 -69
-73 -67 -69
-68 -68 -68
-70 -68 -69
-68 -69 -69
-70 -72 -69
-69 -74 -69
-69 -72 -68
-70 -71 -67
-72 -71 -68
-72 -70 -68
-71 -70 -68
-71 -70 -68
-70 -70 -69
-73 -70 -69
-70 -71 -68
-71 -72 -68
-70 -74 -69
-69 -72 -69
-70 -72 -69
-72 -72 -69
-72 -72 -69
-72 -72 -71
-70 -72 -71
-71 -72 -72
-68 -71 -72
-68 -71 -72
-68 -71 -71
-70 -71 -70
-70 -71 -68
-70 -71 -68
-71 -71 -68
-71 -70 -71
-71 -70 -71
-71 -71 -69
-71 -71 -69
-70 -72 -69
-70 -72 -69
-71 -74 -69
-71 -73 -69
-71 -74 -69
-72 -73 -68
-71 -74 -68
-72 -71 -66
-72 -72 -66
-70 -71 -66
-68 -70 -66
-66 -70 -66
-66 -70 -66
-67 -69 -67
-67 -68 -67
-68 -68 -67
-69 -69 -67
-69 -69 -67
-68 -70 -67
-68 -70 -68
-68 -73 -68
-68 -72 -66
-68 -72 -66
-68 -72 -69
-68 -73 -69
-68 -73 -69
-68 -72 -69
-69 -72 -69
-73 -71 -69
-73 -71 -69
-73 -74 -68
-73 -74 -68
-71 -74 -68
-74 -73 -67
-72 -72 -67
-69 -72 -67
-71 -71 -67
-69 -70 -69
-69 -70 -70
-74 -70 -71
-73 -70 -70
-72 -70 -69
-72 -70 -69
-71 -70 -69
-69 -70 -69
-67 -71 -69
-67 -72 -69
-69 -74 -69
-74 -74 -69
-71 -75 -69
-71 -74 -69
-73 -74 -69
-71 -72 -69
-72 -72 -68
-72 -73 -68
-70 -73 -68
-70 -72 -68
-72 -68 -67
-72 -68 -67
-73 -68 -67
-72 -68 -68
-72 -68 -68
-72 -68 -68
-70 -68 -68
-70 -68 -68
-69 -68 -68
-69 -69 -67
-69 -69 -67
-69 -69 -67
-70 -68 -68
-70 -68 -68
-69 -68 -68
-69 -70 -68
-70 -71 -68
-70 -72 -68
-68 -72 -68
-68 -73 -68
-69 -73 -68
-70 -74 -68
-72 -75 -69
-72 -72 -69
-69 -71 -69
-70 -70 -69
-71 -70 -69
-69 -68 -68
-69 -68 -67
-69 -68 -67
-68 -68 -67
-70 -68 -67
-71 -69 -68
-72 -69 -68
-71 -71 -68
-73 -70 -68
-71 -69 -68
-70 -69 -70
-76 -69 -70
-72 -69 -70
-72 -68 -70
-73 -68 -70
-71 -68 -70
-70 -69 -71
-70 -70 -71
-75 -71 -70
-73 -71 -70
-72 -72 -70
-73 -72 -71
-76 -69 -70
-72 -69 -70
-72 -69 -70
-72 -71 -68
-71 -70 -69
-70 -69 -68
-69 -68 -68
-69 -67 -68
-69 -67 -68
-68 -67 -68
-68 -68 -68
-68 -68 -68
-68 -70 -68
-68 -71 -68
-68 -72 -68
-70 -72 -68
-70 -72 -68
-70 -72 -68
-70 -73 -68
-69 -73 -68
-72 -73 -67
-73 -72 -67
-72 -72 -67
-72 -73 -67
-70 -72 -67
-73 -72 -67
-71 -72 -67
-71 -72 -67
-71 -72 -67
-71 -71 -69
-69 -71 -69
-69 -71 -69
-69 -71 -69
-70 -68 -69
-72 -67 -69
-68 -67 -69
-70 -67 -69
-72 -69 -68
-71 -70 -68
-71 -72 -68
-71 -75 -69
-72 -75 -70
-71 -74 -70
-71 -72 -70
-71 -72 -68
-73 -73 -68
-71 -75 -67
-70 -75 -68
-69 -74 -69
-71 -72 -69
-71 -69 -68
-71 -69 -68
-71 -69 -68
-71 -69 -68
-72 -69 -68
-72 -69 -68
-72 -69 -68
-71 -69 -68
-71 -69 -68
-71 -69 -68
-70 -69 -68
-70 -69 -68
-68 -68 -69
-69 -68 -69
-69 -68 -69
-69 -69 -69
-69 -70 -69
-71 -71 -69
-71 -72 -69
-71 -72 -69
-71 -72 -69
-70 -72 -69
-72 -73 -69
-72 -73 -69
-72 -73 -69
-72 -71 -69
-72 -70 -68
-69 -68 -68
-69 -67 -68
-73 -68 -68
-71 -68 -68
-71 -68 -68
-69 -68 -68
-68 -68 -68
-70 -69 -68
-69 -69 -69
-69 -71 -69
-73 -74 -69
-72 -75 -69
-70 -75 -69
-69 -74 -69
-70 -72 -69
-70 -72 -69
-70 -72 -69
-69 -72 -69
-71 -70 -69
-70 -69 -69
-74 -68 -69
-72 -68 -69
-74 -70 -69
-73 -70 -69
-73 -70 -69
-75 -70 -69
-75 -72 -69
-71 -72 -69
-69 -73 -69
-69 -72 -69
-68 -71 -69
-68 -71 -69
-68 -70 -69
-69 -70 -69
-69 -70 -69
-69 -69 -69
-69 -69 -69
-71 -69 -68
-73 -69 -68
-71 -69 -69
-69 -70 -69
-69 -71 -69
-70 -72 -68
-70 -72 -68
-70 -73 -68
-70 -74 -68
-69 -74 -68
-72 -74 -68
-70 -72 -68
-70 -70 -68
-71 -70 -67
-71 -70 -67
-73 -70 -67
-70 -69 -67
-69 -69 -67
-70 -69 -69
-70 -69 -69
-70 -70 -69
-69 -71 -68
-70 -71 -68
-70 -71 -68
-73 -71 -68
-73 -69 -68
-71 -69 -68
-70 -69 -68
-71 -69 -69
-70 -69 -69
-72 -67 -69
-71 -67 -69
-70 -67 -69
-71 -67 -70
-70 -67 -70
-73 -68 -68
-73 -68 -68
-72 -69 -68
-71 -70 -68
-72 -70 -68
-72 -70 -69
-71 -70 -69
-70 -68 -69
-70 -66 -69
-71 -67 -69
-70 -69 -70
-70 -73 -69
-70 -73 -68
-69 -73 -68
-69 -74 -68
-69 -74 -68
-69 -75 -68
-69 -75 -69
-71 -75 -69
-73 -74 -69
-74 -74 -69
-76 -73 -68
-75 -71 -67
-74 -71 -67
-71 -71 -66
-69 -71 -66
-71 -71 -66
-73 -71 -66
-73 -70 -66
-72 -69 -66
-72 -69 -66
-74 -69 -67
-72 -69 -68
-70 -69 -67
-69 -70 -67
-70 -70 -67
-69 -70 -67
-69 -70 -67
-70 -72 -67
-69 -72 -67
-70 -71 -67
-71 -71 -68
-71 -71 -68
-69 -70 -68
-70 -70 -68
-70 -70 -67
-70 -69 -67
-70 -70 -67
-70 -70 -67
-70 -70 -68
-67 -70 -68
-70 -70 -68
-70 -70 -68
-69 -70 -68
-70 -70 -69
-69 -70 -70
-69 -69 -71
-69 -69 -70
-68 -69 -70
-68 -69 -70
-68 -69 -71
-68 -68 -70
-68 -68 -71
-68 -68 -71
-68 -68 -71
-69 -68 -70
-69 -68 -70
-69 -70 -70
-70 -70 -70
-71 -72 -70
-71 -73 -68
-71 -73 -67
-70 -72 -67
-70 -72 -67
-70 -73 -67
-70 -72 -67
-70 -72 -67
-70 -72 -67
-70 -71 -67
-72 -71 -67
-71 -71 -67
-71 -71 -67
-72 -71 -67
-72 -71 -67
-72 -70 -67
-70 -70 -67
-70 -71 -67
-70 -71 -67
-70 -71 -67
-70 -73 -67
-69 -73 -66
-69 -73 -66
-71 -72 -66
-73 -72 -66
-73 -72 -66
-74 -72 -67
-74 -72 -67
-74 -73 -69
-72 -73 -69
-71 -72 -68
-71 -73 -68
-71 -73 -68
-70 -73 -68
-70 -72 -67
-70 -72 -67
-71 -71 -67
-71 -71 -67
-70 -71 -67
-70 -71 -67
-71 -71 -67
-71 -71 -67
-72 -70 -67
-73 -70 -67
-73 -71 -66
-73 -73 -66
-71 -71 -66
-71 -70 -66
-71 -70 -66
-72 -70 -66
-71 -70 -66
-71 -69 -66
-71 -69 -66
-72 -70 -66
-70 -71 -66
-71 -71 -66
-72 -71 -66
-71 -72 -66
-71 -72 -66
-71 -72 -66
-71 -72 -66
-71 -72 -66
-70 -72 -66
-70 -74 -66
-70 -74 -66
-71 -72 -66
-70 -71 -66
-70 -71 -66
-70 -71 -66
-70 -70 -66
-71 -70 -66
-71 -71 -66
-71 -72 -66
-71 -73 -66
-71 -71 -66
-72 -71 -66
-72 -72 -66
-72 -71 -66
-72 -71 -66
-72 -73 -66
-73 -74 -66
-72 -72 -66
-71 -71 -66
-71 -71 -66
-71 -70 -66
-71 -70 -66
-71 -70 -66
-71 -70 -66
-70 -69 -66
-70 -69 -66
-70 -69 -66
-70 -69 -66
-70 -69 -66
-70 -70 -66
-70 -70 -66
-70 -70 -66
-70 -70 -66
-70 -70 -66
-70 -71 -66
-70 -70 -67
-71 -70 -67
-71 -70 -67
-70 -70 -67
-69 -70 -67
-69 -70 -67
-69 -70 -67
-70 -69 -67
-70 -67 -67
-70 -67 -67
-70 -67 -67
-70 -67 -67
-69 -67 -67
-69 -67 -67
-69 -67 -67
-69 -67 -67
-69 -68 -67
-69 -68 -67
-69 -68 -67
-69 -70 -67
-69 -69 -67
-70 -69 -67
-70 -69 -67
-70 -70 -67
-72 -70 -67
-72 -70 -66
-71 -69 -66
-71 -69 -66
-70 -69 -66
-70 -69 -66
-71 -69 -66
-70 -69 -66
-69 -69 -66
-70 -69 -66
-70 -69 -66
-69 -69 -66
-69 -71 -66
-70 -71 -65
-70 -71 -65
-71 -70 -65
-71 -69 -66
-71 -69 -66
-71 -69 -66
-71 -69 -65
-71 -69 -65
-71 -69 -66
-71 -68 -66
-69 -68 -66
-69 -69 -66
-69 -70 -66
-69 -71 -66
-69 -71 -66
-70 -71 -68
-70 -71 -69
-70 -70 -69
-69 -70 -69
-69 -70 -69
-69 -70 -68
-69 -70 -68
-69 -70 -67
-69 -70 -67
-70 -70 -67
-70 -70 -67
-70 -70 -67
-69 -70 -67
-69 -70 -67
-69 -70 -67
-71 -70 -67
-70 -70 -67
-70 -70 -67
-70 -70 -67
-70 -70 -67
-71 -71 -67
-71 -71 -67
-71 -71 -67
-72 -71 -66
-70 -71 -66
-70 -71 -66
-70 -70 -65
-72 -70 -65
-72 -67 -65
-72 -67 -65
-73 -68 -65
-73 -67 -65
-73 -67 -65
-73 -67 -66
-73 -67 -67
-72 -67 -67
-72 -69 -67
-72 -71 -67
-72 -74 -67
-72 -77 -67
-72 -77 -66
-72 -77 -66
-72 -78 -66
-72 -78 -66
-72 -75 -66
-72 -72 -67
-73 -70 -67
-71 -69 -67
-69 -68 -67
-69 -68 -67
-70 -68 -67
-71 -68 -67
-71 -68 -67
-71 -68 -67
-72 -69 -67
-72 -70 -67
-71 -70 -67
-70 -70 -67
-70 -69 -67
-71 -69 -67
-71 -69 -67
-70 -69 -67
-68 -69 -68
-68 -69 -68
-68 -69 -68
-69 -69 -67
-68 -68 -67
-69 -69 -67
-68 -69 -67
-68 -69 -67
-69 -68 -67
-71 -70 -67
-69 -70 -67
-69 -70 -67
-70 -69 -67
-70 -69 -67
-70 -70 -67
-68 -70 -67
-70 -70 -67
-70 -70 -67
-70 -72 -67
-69 -72 -67
-69 -72 -67
-70 -73 -67
-70 -75 -67
-71 -77 -67
-69 -75 -67
-69 -75 -67
-71 -74 -67
-70 -72 -67
-69 -69 -67
-69 -66 -68
-70 -66 -68
-70 -66 -67
-72 -66 -67
-72 -66 -68
-70 -69 -68
-70 -71 -67
-71 -71 -68
-72 -71 -68
-74 -72 -68
-74 -72 -68
-72 -72 -68
-69 -72 -68
-68 -71 -68
-68 -71 -68
-68 -71 -68
-68 -71 -67
-68 -71 -67
-69 -73 -67
-69 -73 -67
-68 -75 -67
-68 -76 -67
-69 -75 -67
-69 -75 -67
-71 -76 -67
-69 -75 -67
-72 -75 -67
-70 -73 -67
-71 -74 -67
-72 -73 -67
-70 -74 -67
-72 -72 -67
-71 -70 -67
-70 -68 -67
-69 -68 -67
-68 -67 -67
-69 -67 -68
-69 -66 -68
-69 -67 -68
-67 -67 -68
-69 -67 -68
-72 -68 -67
-71 -69 -67
-70 -69 -67
-69 -68 -67
-69 -68 -67
-69 -69 -67
-70 -69 -67
-68 -69 -67
-68 -68 -67
-74 -69 -67
-70 -69 -67
-72 -68 -67
-72 -68 -67
-72 -68 -67
-68 -68 -68
-71 -68 -68
-73 -68 -67
-77 -69 -67
-73 -68 -67
-71 -68 -67
-70 -68 -67
-66 -69 -67
-67 -69 -67
-68 -69 -67
-69 -69 -67
-66 -69 -67
-69 -69 -67
-67 -69 -67
-66 -69 -67
-67 -71 -67
-67 -72 -67
-68 -73 -67
-68 -73 -67
-69 -73 -67
-71 -72 -67
-73 -71 -67
-71 -70 -67
-68 -70 -67
-69 -70 -68
-68 -71 -68
-66 -72 -68
-66 -72 -67
-66 -72 -68
-69 -71 -67
-70 -69 -68
-70 -69 -69
-70 -68 -70
-73 -68 -70
-77 -69 -70
-76 -69 -71
-76 -66 -70
-73 -66 -71
-74 -68 -71
-72 -70 -69
-72 -68 -68
-72 -72 -69
-72 -74 -70
-68 -76 -71
-68 -75 -70
-68 -72 -71
-67 -71 -69
-66 -69 -69
-66 -69 -69
-67 -68 -69
-70 -68 -69
-73 -68 -69
-75 -68 -71
-75 -69 -69
-73 -70 -69
-71 -68 -67
-69 -66 -68
-69 -66 -69
-70 -67 -69
-70 -67 -69
-72 -67 -69
-72 -67 -69
-72 -67 -68
-72 -70 -68
-73 -70 -68
-72 -70 -67
-68 -70 -67
-68 -74 -67
-68 -72 -67
-70 -71 -67
-69 -69 -67
-71 -68 -67
-71 -68 -67
-70 -69 -68
-70 -70 -69
-69 -71 -71
-71 -74 -70
-69 -74 -70
-69 -77 -71
-69 -74 -71
-69 -73 -70
-71 -72 -70
-71 -72 -70
-70 -72 -68
-71 -72 -68
-72 -71 -68
-69 -70 -68
-70 -70 -69
-72 -70 -70
-73 -70 -69
-72 -70 -69
-73 -72 -69
-73 -72 -69
-73 -72 -68
-73 -71 -68
-74 -70 -67
-74 -70 -67
-73 -70 -67
-72 -71 -67
-72 -70 -67
-72 -72 -66
-73 -73 -67
-73 -75 -67
-73 -75 -67
-73 -72 -67
-71 -73 -67
-72 -73 -67
-71 -73 -67
-71 -72 -67
-73 -72 -67
-72 -71 -69
-72 -71 -68
-72 -70 -68
-73 -70 -68
-73 -70 -68
-72 -70 -68
-75 -70 -68
-73 -70 -68
-72 -70 -68
-72 -71 -68
-72 -72 -67
-73 -71 -67
-73 -72 -67
-74 -72 -67
-76 -72 -67
-72 -73 -67
-72 -71 -67
-72 -71 -67
-73 -71 -67
-72 -71 -67
-70 -71 -67
-71 -71 -67
-72 -71 -67
-72 -71 -67
-71 -70 -67
-70 -70 -67
-70 -70 -67
-71 -70 -67
-73 -70 -67
-73 -70 -67
-70 -70 -67
-68 -70 -67
-66 -70 -67
-66 -68 -67
-66 -68 -67
-70 -68 -67
-72 -68 -67
-70 -68 -67
-71 -68 -67
-68 -70 -67
-70 -70 -67
-72 -69 -67
-73 -69 -67
-73 -69 -67
-75 -70 -67
-72 -70 -66
-69 -69 -66
-74 -69 -67
-70 -69 -68
-72 -69 -70
-70 -71 -71
-72 -71 -71
-69 -71 -71
-66 -70 -70
-66 -69 -70
-73 -69 -72
-69 -69 -72
-72 -69 -69
-68 -69 -70
-65 -69 -70
-65 -69 -70
-67 -70 -69
-68 -70 -69
-66 -70 -70
-65 -70 -70
-65 -70 -70
-65 -70 -70
-64 -69 -68
-67 -70 -68
-70 -70 -68
-70 -70 -68
-72 -69 -68
-70 -69 -67
-67 -69 -67
-70 -69 -66
-73 -70 -66
-71 -70 -66
-71 -70 -66
-70 -70 -67
-70 -73 -67
-70 -73 -67
-69 -70 -71
-69 -70 -68
-69 -70 -67
-71 -69 -67
-73 -69 -66
-77 -68 -67
-79 -68 -67
-77 -69 -67
-75 -69 -67
-72 -69 -72
-68 -70 -71
-68 -70 -68
-72 -69 -68
-76 -69 -68
-74 -69 -68
-72 -70 -68
-73 -71 -67
-70 -69 -67
-69 -68 -66
-67 -71 -66
-67 -69 -66
-66 -69 -67
-66 -70 -67
-65 -71 -68
-65 -75 -68
-65 -75 -68
-65 -72 -65
-66 -69 -67
-67 -66 -65
-68 -67 -68
-69 -68 -68
-69 -70 -67
-71 -69 -71
-72 -68 -68
-72 -66 -68
-73 -66 -68
-69 -68 -67
-71 -68 -68
-70 -70 -68
-68 -71 -68
-69 -73 -68
-69 -73 -68
-69 -71 -68
-71 -70 -68
-69 -70 -68
-71 -70 -68
-71 -70 -68
-70 -72 -68
-68 -74 -68
-70 -73 -69
-70 -73 -69
-70 -73 -67
-71 -74 -67
-71 -74 -67
-72 -74 -67
-74 -74 -67
-70 -75 -67
-70 -74 -68
-70 -73 -68
-70 -73 -68
-68 -73 -68
-68 -74 -68
-68 -74 -68
-71 -74 -68
-72 -73 -68
-72 -72 -68
-72 -73 -68
-72 -72 -69
-71 -72 -69
-70 -72 -69
-71 -72 -69
-71 -73 -69
-71 -75 -69
-71 -74 -69
-71 -76 -69
-71 -75 -69
-69 -74 -69
-69 -74 -69
-69 -76 -66
-70 -78 -67
-70 -76 -67
-70 -75 -66
-69 -75 -66
-70 -74 -66
-69 -74 -66
-68 -73 -67
-68 -73 -67
-68 -74 -67
-69 -74 -67
-70 -73 -67
-71 -72 -66
-71 -71 -66
-73 -71 -66
-71 -71 -66
-70 -69 -66
-70 -69 -67
-70 -69 -66
-72 -69 -66
-72 -69 -67
-70 -70 -67
-69 -70 -67
-69 -70 -67
-69 -70 -67
-70 -70 -67
-70 -70 -67
-72 -70 -67
-70 -71 -67
-69 -70 -67
-69 -70 -67
-71 -70 -67
-73 -70 -67
-73 -70 -67
-74 -69 -67
-71 -70 -67
-70 -70 -67
-70 -70 -67
-69 -70 -67
-70 -69 -67
-69 -68 -67
-69 -68 -67
-71 -70 -67
-69 -72 -67
-69 -72 -67
-68 -72 -67
-68 -72 -70
-68 -72 -70
-68 -72 -71
-68 -71 -71
-71 -69 -71
-71 -69 -71
-71 -69 -71
-71 -69 -71
-72 -69 -70
-75 -68 -70
-71 -67 -70
-68 -67 -70
-70 -67 -70
-67 -67 -70
-69 -69 -71
-71 -69 -68
-69 -72 -67
-74 -72 -67
-72 -72 -67
-68 -71 -67
-70 -71 -67
-73 -71 -67
-73 -71 -67
-74 -72 -67
-70 -72 -66
-66 -71 -66
-64 -71 -66
-66 -71 -66
-70 -71 -66
-67 -70 -66
-65 -70 -66
-64 -70 -66
-70 -70 -67
-67 -70 -67
-64 -71 -67
-66 -71 -67
-69 -69 -67
-68 -69 -67
-64 -69 -68
-64 -69 -67
-67 -69 -67
-66 -70 -67
-66 -70 -66
-70 -70 -66
-74 -70 -66
-74 -69 -66
-73 -68 -66
-67 -69 -66
-65 -69 -67
-67 -69 -66
-68 -69 -66
-65 -69 -67
-67 -70 -68
-69 -70 -68
-70 -70 -67
-73 -70 -67
-72 -70 -67
-72 -70 -67
-74 -70 -65
-78 -70 -66
-78 -71 -67
-78 -71 -66
-76 -72 -67
-75 -71 -66
-71 -71 -66
-72 -71 -69
-70 -71 -67
-69 -69 -67
-69 -69 -67
-70 -69 -67
-71 -69 -67
-75 -70 -67
-76 -72 -67
-76 -70 -67
-79 -68 -66
-74 -67 -67
-74 -67 -69
-72 -67 -70
-70 -70 -70
-67 -70 -70
-67 -69 -70
-68 -71 -70
-69 -73 -68
-70 -74 -68
-69 -73 -68
-69 -70 -67
-70 -72 -67
-74 -72 -69
-75 -72 -70
-74 -70 -67
-73 -70 -68
-71 -69 -67
-70 -70 -68
-70 -71 -68
-73 -71 -67
-73 -68 -68
-74 -67 -67
-73 -66 -68
-72 -66 -68
-70 -68 -68
-72 -71 -68
-70 -72 -68
-71 -75 -68
-70 -75 -68
-68 -73 -68
-68 -71 -68
-71 -70 -68
-71 -69 -68
-72 -69 -68
-72 -70 -68
-70 -70 -68
-70 -71 -68
-70 -71 -69
-69 -71 -69
-70 -74 -69
-70 -74 -69
-70 -72 -68
-70 -72 -66
-73 -71 -65
-72 -71 -67
-70 -71 -67
-70 -73 -67
-70 -73 -67
-70 -73 -67
-68 -73 -67
-67 -74 -67
-67 -73 -68
-69 -74 -68
-70 -74 -69
-68 -74 -69
-69 -75 -69
-68 -75 -69
-68 -75 -67
-68 -74 -67
-68 -71 -67
-68 -69 -67
-70 -69 -67
-70 -70 -68
-70 -70 -67
-69 -70 -67
-69 -72 -67
-69 -75 -67
-68 -75 -67
-68 -75 -67
-69 -73 -67
-69 -71 -67
-69 -73 -67
-70 -74 -67
-70 -74 -67
-72 -74 -67
-72 -75 -67
-70 -75 -67
-70 -73 -67
-70 -71 -67
-71 -69 -67
-70 -68 -67
-70 -68 -67
-70 -68 -67
-70 -68 -67
-70 -68 -67
-70 -69 -67
-71 -71 -67
-71 -73 -67
-70 -73 -67
-70 -73 -67
-72 -71 -67
-72 -71 -67
-70 -68 -67
-70 -68 -67
-73 -68 -67
-72 -70 -67
-70 -70 -67
-70 -70 -67
-70 -70 -67
-69 -69 -67
-69 -69 -67
-70 -69 -67
-69 -72 -68
-71 -73 -68
-74 -73 -68
-74 -73 -67
-70 -73 -67
-72 -72 -67
-76 -72 -67
-73 -71 -67
-72 -71 -67
-73 -71 -67
-71 -70 -67
-71 -71 -68
-71 -70 -71
-73 -70 -73
-72 -68 -73
-73 -68 -71
-72 -68 -70
-72 -69 -69
-70 -69 -67
-70 -69 -67
-74 -69 -67
-70 -69 -67
-76 -69 -67
-72 -68 -66
-68 -68 -66
-75 -69 -66
-70 -69 -66
-68 -69 -66
-73 -69 -66
-72 -69 -66
-71 -69 -66
-73 -69 -66
-71 -69 -66
-71 -69 -66
-76 -68 -66
-75 -68 -66
-71 -68 -66
-72 -66 -64
-66 -67 -66
-66 -68 -66
-72 -68 -66
-69 -68 -67
-70 -69 -67
-69 -68 -66
-68 -67 -66
-66 -69 -66
-64 -70 -66
-64 -70 -66
-70 -70 -66
-72 -70 -66
-68 -69 -66
-65 -70 -66
-68 -69 -66
-68 -70 -66
-70 -70 -66
-66 -69 -66
-66 -69 -66
-66 -70 -67
-66 -70 -68
-69 -70 -68
-70 -70 -68
-69 -70 -69
-69 -71 -68
-68 -73 -69
-68 -73 -70
-68 -73 -69
-70 -71 -68
-70 -71 -67
-70 -70 -67
-68 -70 -67
-69 -70 -67
-70 -69 -67
-71 -68 -67
-71 -68 -65
-71 -68 -65
-73 -68 -65
-74 -68 -67
-73 -69 -66
-75 -70 -67
-75 -67 -66
-72 -65 -66
-70 -67 -66
-69 -68 -66
-69 -66 -66
-69 -69 -67
-69 -70 -67
-69 -67 -67
-68 -68 -67
-69 -72 -68
-70 -72 -67
-70 -74 -67
-74 -74 -69
-72 -73 -69
-72 -73 -67
-70 -73 -69
-72 -72 -69
-72 -69 -71
-73 -69 -69
-72 -66 -69
-73 -66 -69
-74 -67 -69
-71 -71 -70
-71 -72 -69
-69 -72 -69
-69 -71 -69
-69 -70 -70
-69 -70 -70
-69 -71 -68
-69 -72 -68
-69 -72 -68
-69 -73 -67
-71 -75 -68
-69 -76 -68
-72 -77 -68
-69 -77 -69
-71 -78 -69
-70 -74 -68
-71 -71 -67
-70 -70 -67
-72 -70 -67
-70 -70 -67
-71 -70 -68
-71 -70 -68
-70 -69 -68
-69 -70 -68
-69 -72 -68
-70 -72 -68
-69 -71 -68
-69 -71 -68
-69 -71 -67
-71 -71 -68
-73 -70 -68
-72 -68 -68
-72 -68 -68
-71 -68 -68
-71 -68 -67
-70 -68 -66
-69 -70 -66
-69 -70 -66
-69 -71 -66
-68 -72 -66
-70 -74 -67
-71 -73 -67
-72 -73 -67
-72 -73 -67
-72 -72 -67
-71 -71 -67
-69 -70 -67
-69 -70 -67
-68 -70 -67
-68 -72 -67
-68 -71 -67
-69 -71 -67
-69 -71 -67
-69 -71 -67
-70 -70 -67
-70 -71 -67
-70 -71 -67
-70 -71 -66
-70 -71 -67
-70 -72 -67
-70 -72 -67
-70 -72 -67
-69 -72 -67
-69 -72 -67
-69 -72 -67
-69 -72 -67
-69 -72 -67
-69 -72 -67
-69 -71 -67
-70 -71 -66
-70 -71 -66
-70 -72 -66
-69 -72 -66
-69 -72 -66
-69 -72 -66
-70 -72 -66
-70 -74 -66
-70 -73 -66
-70 -73 -66
-70 -71 -67
-71 -69 -67
-71 -69 -67
-70 -69 -67
-71 -69 -67
-70 -69 -67
-70 -69 -67
-70 -70 -67
-70 -73 -68
-70 -73 -68
-70 -73 -68
-72 -75 -68
-74 -74 -68
-74 -74 -67
-73 -73 -67
-74 -73 -67
-73 -73 -67
-73 -72 -67
-75 -71 -67
-73 -69 -67
-71 -68 -67
-71 -68 -67
-71 -69 -67
-71 -69 -67
-72 -70 -67
-73 -71 -67
-72 -71 -67
-74 -71 -67
-74 -69 -66
-73 -69 -66
-72 -69 -67
-72 -70 -67
-71 -70 -67
-70 -70 -67
-70 -70 -67
-70 -70 -67
-70 -70 -67
-70 -70 -68
-70 -68 -70
-70 -68 -70
-70 -68 -71
-69 -68 -72
-69 -68 -72
-69 -68 -70
-69 -68 -69
-70 -68 -67
-69 -68 -67
-69 -68 -67
-70 -68 -67
-72 -69 -67
-70 -71 -66
-71 -71 -66
-70 -71 -66
-73 -72 -66
-71 -72 -66
-69 -74 -66
-72 -71 -66
-70 -72 -66
-67 -72 -66
-68 -70 -67
-68 -68 -67
-68 -68 -67
-70 -67 -67
-69 -67 -67
-70 -67 -67
-74 -67 -67
-72 -68 -67
-71 -68 -67
-70 -68 -67
-71 -68 -67
-69 -68 -67
-70 -70 -67
-72 -70 -67
-73 -71 -67
-72 -73 -67
-70 -74 -67
-70 -76 -67
-73 -76 -67
-74 -74 -67
-70 -74 -67
-68 -73 -67
-69 -72 -67
-68 -74 -67
-68 -74 -67
-70 -76 -67
-71 -79 -67
-67 -77 -67
-70 -74 -67
-68 -72 -66
-71 -72 -66
-70 -74 -66
-74 -78 -66
-71 -75 -66
-69 -73 -66
-71 -73 -67
-68 -71 -67
-67 -71 -67
-68 -71 -67
-68 -70 -68
-68 -68 -68
-72 -68 -68
-72 -70 -68
-70 -70 -68
-67 -71 -67
-66 -71 -69
-66 -71 -68
-67 -70 -68
-66 -70 -68
-66 -73 -66
-66 -73 -66
-70 -72 -68
-72 -73 -68
-70 -73 -68
-70 -72 -66
-75 -69 -67
-73 -69 -68
-70 -69 -66
-71 -69 -68
-73 -68 -67
-70 -67 -67
-68 -69 -67
-68 -69 -67
-70 -68 -67
-70 -71 -67
-67 -69 -67
-69 -66 -68
-69 -68 -66
-72 -69 -68
-73 -69 -67
-73 -69 -69
-72 -69 -67
-71 -68 -68
-69 -68 -66
-71 -68 -69
-72 -69 -66
-74 -69 -68
-71 -70 -69
-73 -71 -66
-73 -69 -68
-74 -66 -68
-72 -66 -67
-72 -69 -66
-77 -70 -66
-74 -70 -66
-69 -70 -67
-67 -71 -67
-69 -73 -67
-69 -73 -67
-70 -71 -67
-71 -71 -67
-71 -69 -69
-68 -69 -69
-68 -69 -69
-70 -69 -69
-69 -69 -69
-69 -69 -69
-69 -69 -69
-70 -71 -69
-69 -71 -69
-70 -71 -69
-68 -71 -69
-70 -72 -69
-70 -73 -69
-71 -72 -69
-74 -72 -68
-75 -72 -68
-74 -71 -68
-74 -71 -68
-72 -71 -68
-70 -71 -69
-70 -71 -68
-71 -71 -68
-71 -69 -67
-73 -69 -67
-71 -69 -67
-74 -69 -67
-71 -68 -67
-71 -67 -66
-72 -67 -65
-71 -67 -65
-69 -68 -66
-71 -68 -67
-73 -68 -66
-71 -68 -66
-72 -68 -67
-73 -68 -67
-72 -68 -67
-72 -68 -68
-72 -68 -68
-71 -68 -67
-70 -68 -67
-70 -69 -67
-70 -69 -67
-72 -69 -67
-69 -69 -67
-70 -70 -67
-72 -70 -67
-71 -70 -67
-71 -70 -67
-71 -70 -67
-71 -70 -68
-69 -70 -68
-70 -70 -69
-71 -70 -69
-71 -70 -69
-69 -70 -69
-69 -70 -68
-69 -70 -68
-69 -70 -68
-69 -72 -68
-69 -72 -68
-69 -72 -68
-70 -71 -68
-69 -71 -68
-69 -70 -68
-69 -70 -68
-68 -71 -68
-68 -72 -68
-69 -72 -68
-70 -72 -68
-70 -72 -68
-70 -71 -68
-70 -71 -68
-70 -70 -68
-68 -72 -67
-68 -72 -67
-68 -72 -67
-68 -72 -66
-68 -71 -66
-70 -71 -66
-70 -72 -66
-70 -73 -66
-70 -74 -66
-70 -74 -66
-70 -72 -66
-70 -71 -66
-69 -71 -66
-69 -71 -66
-69 -72 -66
-70 -71 -66
-71 -71 -66
-70 -72 -66
-71 -72 -66
-71 -70 -67
-69 -70 -67
-71 -72 -67
-73 -73 -67
-73 -74 -67
-73 -74 -67
-73 -75 -67
-73 -75 -67
-73 -73 -67
-73 -72 -66
-72 -73 -66
-72 -73 -66
-72 -73 -66
-72 -71 -66
-72 -69 -66
-72 -68 -66
-72 -68 -66
-72 -68 -66
-71 -68 -66
-71 -69 -66
-71 -69 -66
-71 -69 -66
-70 -69 -66
-71 -69 -65
-71 -69 -66
-71 -69 -66
-72 -69 -66
-72 -70 -66
-70 -70 -66
-70 -71 -66
-70 -71 -66
-70 -71 -66
-70 -72 -66
-71 -74 -66
-71 -73 -66
-71 -73 -67
-70 -73 -69
-70 -75 -67
-69 -76 -67
-70 -74 -67
-68 -74 -67
-68 -74 -67
-68 -74 -67
-69 -72 -67
-68 -72 -67
-70 -70 -67
-70 -70 -67
-69 -70 -67
-70 -68 -67
-72 -66 -67
-68 -67 -67
-70 -68 -67
-70 -68 -67
-70 -68 -67
-69 -68 -67
-68 -68 -67
-68 -68 -67
-68 -68 -67
-70 -67 -67
-70 -69 -67
-68 -71 -67
-71 -73 -67
-70 -69 -67
-71 -69 -67
-72 -69 -67
-72 -70 -67
-70 -70 -67
-70 -71 -67
-72 -71 -67
-73 -71 -67
-72 -71 -67
-71 -71 -67
-70 -72 -67
-70 -72 -69
-72 -70 -70
-71 -70 -70
-74 -70 -68
-72 -70 -70
-71 -70 -71
-72 -71 -70
-71 -70 -69
-69 -70 -71
-70 -71 -71
-71 -70 -70
-70 -70 -70
-69 -70 -70
-69 -70 -69
-72 -70 -69
-72 -69 -69
-72 -68 -69
-71 -70 -69
-73 -70 -69
-74 -70 -69
-72 -70 -68
-69 -70 -68
-70 -70 -67
-70 -70 -67
-72 -71 -67
-73 -71 -67
-71 -71 -67
-70 -70 -66
-70 -70 -66
-70 -70 -66
-72 -70 -66
-71 -69 -66
-70 -69 -66
-72 -69 -66
-71 -70 -67
-71 -71 -67
-71 -71 -67
-71 -71 -67
-70 -71 -67
-70 -71 -67
-74 -72 -67
-74 -73 -67
-74 -74 -66
-72 -76 -67
-69 -76 -67
-68 -76 -66
-68 -73 -66
-71 -72 -66
-71 -70 -66
-71 -69 -66
-70 -69 -66
-70 -69 -66
-69 -69 -66
-69 -70 -66
-67 -70 -68
-68 -69 -68
-68 -68 -68
-68 -69 -68
-69 -69 -69
-71 -69 -70
-69 -69 -71
-70 -69 -69
-74 -69 -67
-71 -69 -66
-71 -71 -66
-69 -71 -67
-71 -69 -68
-70 -68 -68
-70 -68 -68
-70 -68 -68
-72 -68 -68
-72 -68 -67
-72 -69 -67
-69 -69 -68
-69 -70 -68
-69 -70 -68
-72 -70 -67
-72 -71 -67
-71 -70 -67
-71 -70 -68
-70 -70 -70
-71 -70 -67
-69 -70 -67
-70 -70 -68
-71 -70 -68
-70 -70 -67
-69 -70 -67
-69 -70 -67
-70 -71 -67
-73 -70 -67
-74 -70 -67
-74 -70 -66
-72 -70 -67
-72 -70 -67
-72 -70 -67
-69 -70 -68
-69 -70 -68
-69 -70 -68
-70 -70 -68
-69 -69 -68
-69 -69 -68
-68 -69 -68
-68 -69 -67
-68 -68 -67
-69 -68 -67
-68 -69 -67
-68 -69 -69
-70 -70 -69
-69 -72 -69
-69 -75 -69
-68 -76 -68
-68 -77 -68
-69 -75 -69
-69 -74 -69
-69 -72 -69
-69 -71 -69
-70 -70 -68
-71 -68 -68
-70 -68 -68
-69 -67 -69
-71 -66 -69
-71 -66 -69
-71 -68 -67
-71 -69 -67
-71 -70 -67
-71 -70 -67
-69 -71 -67
-69 -72 -67
-69 -72 -67
-70 -73 -67
-70 -75 -67
-70 -76 -67
-69 -74 -67
-69 -72 -66
-68 -72 -66
-70 -72 -66
-68 -71 -66
-68 -71 -66
-70 -70 -66
-70 -70 -66
-71 -70 -66
-70 -70 -66
-70 -70 -66
-70 -70 -66
-69 -69 -66
-69 -69 -66
-69 -70 -66
-70 -70 -66
-70 -71 -66
-73 -71 -66
-71 -71 -67
-71 -73 -67
-71 -72 -67
-71 -76 -67
-75 -76 -67
-74 -74 -67
-72 -74 -66
-73 -73 -66
-72 -73 -66
-72 -72 -65
-70 -72 -66
-68 -70 -66
-69 -70 -66
-70 -69 -66
-70 -68 -66
-74 -68 -66
-71 -70 -65
-69 -70 -65
-71 -71 -66
-68 -71 -67
-69 -71 -67
-71 -72 -68
-67 -72 -68
-71 -71 -68
-75 -71 -66
-72 -71 -66
-74 -70 -66
-75 -70 -66
-70 -69 -67
-70 -69 -66
-69 -69 -67
-72 -69 -68
-71 -68 -68
-66 -68 -68
-66 -68 -68
-72 -68 -68
-73 -66 -68
-72 -68 -68
-68 -68 -67
-71 -68 -67
-75 -70 -67
-71 -70 -66
-67 -69 -66
-66 -69 -67
-66 -68 -67
-66 -69 -67
-70 -69 -67
-74 -70 -68
-72 -70 -67
-68 -70 -67
-67 -69 -68
-71 -69 -68
-73 -69 -69
-70 -69 -69
-66 -69 -69
-69 -69 -69
-72 -68 -68
-73 -68 -67
-69 -69 -67
-66 -69 -67
-67 -68 -66
-65 -67 -66
-62 -67 -66
-61 -68 -66
-62 -68 -66
-71 -68 -67
-69 -68 -66
-67 -68 -66
-67 -68 -66
-67 -69 -67
-67 -69 -67
-69 -67 -67
-69 -69 -67
-69 -69 -67
-68 -68 -67
-68 -68 -67
-68 -68 -67
-67 -68 -67
-71 -68 -67
-68 -69 -67
-70 -70 -67
-67 -69 -68
-67 -69 -68
-67 -69 -68
-66 -69 -68
-66 -68 -68
-66 -68 -68
-65 -68 -68
-65 -68 -68
-69 -70 -68
-67 -70 -68
-66 -70 -67
-69 -69 -67
-66 -69 -67
-67 -69 -67
-66 -69 -67
-68 -69 -66
-67 -69 -66
-66 -69 -66
-67 -70 -65
-65 -72 -65
-67 -72 -66
-67 -72 -66
-67 -71 -66
-67 -72 -66
-67 -71 -66
-66 -70 -66
-67 -69 -68
-67 -69 -71
-68 -69 -69
-67 -69 -69
-67 -69 -68
-67 -69 -68
-68 -69 -67
-67 -69 -67
-67 -69 -67
-67 -69 -67
-67 -69 -67
-67 -69 -67
-68 -69 -67
-68 -70 -67
-68 -70 -67
-68 -71 -67
-68 -71 -67
-67 -71 -67
-66 -70 -67
-66 -70 -66
-66 -70 -66
-66 -70 -65
-67 -69 -66
-67 -69 -66
-67 -69 -66
-69 -72 -66
-68 -74 -66
-68 -75 -66
-68 -74 -66
-68 -76 -66
-68 -78 -67
-68 -77 -67
-68 -75 -67
-68 -71 -67
-68 -70 -67
-68 -68 -67
-67 -68 -67
-67 -68 -67
-67 -68 -67
-67 -68 -67
-67 -69 -67
-67 -69 -67
-68 -70 -67
-68 -71 -66
-68 -70 -66
-67 -70 -66
-69 -70 -66
-69 -70 -66
-69 -69 -66
-68 -69 -66
-68 -69 -66
-68 -69 -66
-68 -69 -66
-68 -69 -66
-67 -69 -66
-67 -69 -67
-67 -69 -67
-67 -69 -67
-67 -68 -69
-67 -68 -69
-67 -68 -68
-68 -69 -68
-68 -69 -67
-68 -69 -67
-69 -69 -67
-68 -69 -67
-68 -69 -67
-67 -69 -67
-68 -69 -67
-67 -69 -67
-67 -70 -67
-67 -72 -67
-67 -72 -67
-67 -72 -67
-67 -72 -67
-67 -72 -67
-67 -71 -67
-67 -72 -67
-67 -72 -67
-67 -71 -69
-67 -70 -69
-68 -70 -68
-68 -70 -68
-68 -71 -68
-67 -71 -68
-67 -71 -68
-66 -71 -68
-68 -71 -68
-68 -71 -68
-68 -71 -68
-68 -70 -68
-68 -70 -68
-68 -70 -68
-68 -71 -68
-67 -71 -68
-67 -71 -68
-67 -70 -68
-66 -70 -68
-67 -70 -68
-66 -71 -68
-69 -72 -68
-67 -75 -68
-67 -75 -68
-67 -74 -68
-67 -73 -68
-67 -72 -68
-67 -71 -68
-68 -73 -67
-67 -74 -67
-67 -74 -67
-67 -74 -67
-67 -75 -68
-69 -74 -68
-69 -73 -68
-67 -73 -68
-67 -73 -68
-67 -72 -68
-67 -72 -68
-68 -73 -67
-68 -71 -67
-68 -71 -67
-69 -71 -67
-67 -72 -67
-66 -72 -67
-68 -72 -67
-68 -72 -67
-68 -72 -67
-68 -72 -68
-68 -73 -68
-68 -72 -68
-69 -71 -68
-69 -71 -69
-68 -71 -69
-68 -71 -69
-67 -71 -69
-67 -71 -69
-66 -71 -69
-67 -71 -71
-69 -71 -70
-67 -69 -69
-68 -69 -69
-66 -69 -69
-69 -69 -69
-69 -72 -68
-69 -72 -68
-69 -72 -68
-67 -72 -68
-69 -72 -68
-67 -72 -68
-69 -72 -68
-67 -72 -68
-69 -72 -68
-66 -72 -68
-67 -72 -68
-67 -72 -68
-67 -72 -68
-69 -72 -68
-65 -71 -67
-68 -71 -66
-64 -70 -66
-68 -70 -66
-67 -69 -66
-66 -69 -66
-69 -68 -66
-68 -68 -68
-65 -70 -68
-69 -70 -68
-70 -70 -68
-73 -70 -68
-70 -70 -68
-69 -69 -68
-72 -70 -68
-69 -69 -66
-65 -70 -66
-63 -70 -66
-64 -70 -66
-66 -70 -66
-71 -70 -66
-70 -69 -66
-67 -69 -66
-65 -68 -66
-65 -67 -67
-65 -67 -67
-63 -67 -67
-64 -67 -68
-63 -68 -68
-63 -68 -68
-62 -68 -68
-63 -69 -68
-63 -69 -68
-63 -69 -68
-63 -68 -68
-63 -68 -69
-64 -67 -67
-64 -67 -67
-66 -67 -67
-66 -67 -67
-66 -67 -67
-66 -67 -67
-66 -69 -67
-64 -69 -67
-65 -70 -67
-66 -70 -67
-66 -69 -67
-66 -68 -66
-66 -69 -66
-66 -69 -66
-68 -70 -66
-68 -70 -66
-68 -69 -66
-68 -69 -67
-68 -69 -67
-71 -69 -68
-72 -69 -68
-71 -69 -68
-68 -69 -68
-65 -69 -68
-63 -69 -67
-62 -70 -67
-61 -70 -67
-61 -70 -67
-61 -70 -67
-61 -70 -67
-65 -70 -67
-67 -67 -67
-68 -67 -67
-65 -68 -68
-65 -68 -68
-65 -68 -67
-67 -68 -67
-73 -68 -66
-74 -70 -66
-73 -69 -66
-70 -69 -66
-69 -70 -67
-70 -69 -67
-68 -69 -67
-68 -69 -67
-70 -69 -67
-69 -67 -66
-67 -67 -66
-69 -68 -66
-69 -68 -67
-68 -68 -67
-69 -68 -67
-70 -68 -67
-72 -68 -67
-72 -67 -67
-71 -67 -67
-71 -67 -67
-71 -67 -68
-68 -67 -69
-68 -67 -70
-68 -68 -70
-68 -68 -70
-67 -68 -71
-67 -70 -70
-69 -71 -70
-68 -72 -67
-68 -72 -67
-68 -73 -67
-69 -73 -67
-67 -73 -67
-67 -72 -67
-65 -72 -67
-65 -72 -66
-66 -73 -65
-65 -70 -65
-65 -70 -65
-65 -70 -65
-65 -69 -65
-66 -68 -66
-67 -68 -68
-66 -68 -69
-67 -68 -69
-66 -68 -69
-66 -68 -69
-66 -68 -69
-65 -68 -69
-64 -68 -67
-66 -68 -67
-68 -68 -66
-67 -68 -66
-68 -68 -68
-67 -68 -68
-68 -70 -67
-68 -70 -67
-69 -70 -67
-69 -69 -68
-68 -68 -69
-68 -68 -69
-68 -68 -69
-68 -68 -69
-66 -68 -68
-66 -69 -68
-67 -70 -68
-67 -71 -68
-67 -71 -68
-69 -70 -68
-67 -70 -67
-67 -71 -66
-69 -71 -66
-68 -70 -66
-68 -73 -66
-68 -72 -66
-68 -72 -66
-68 -72 -66
-68 -72 -68
-68 -72 -68
-68 -72 -68
-67 -72 -68
-67 -74 -68
-67 -71 -67
-67 -71 -67
-67 -71 -67
-66 -71 -66
-66 -71 -66
-66 -71 -66
-66 -70 -66
-67 -69 -67
-67 -68 -68
-67 -69 -69
-67 -71 -69
-67 -73 -69
-67 -71 -68
-67 -71 -68
-67 -70 -68
-67 -70 -68
-67 -70 -68
-67 -72 -68
-67 -72 -68
-68 -72 -68
-68 -74 -68
-67 -74 -69
-67 -75 -70
-67 -74 -70
-67 -73 -69
-67 -73 -69
-65 -73 -68
-65 -72 -68
-65 -72 -68
-69 -72 -68
-68 -71 -69
-68 -70 -69
-68 -69 -70
-69 -69 -71
-70 -69 -71
-70 -70 -73
-70 -69 -72
-73 -69 -72
-74 -69 -72
-74 -69 -72
-73 -69 -73
-70 -69 -71
-71 -70 -72
-73 -70 -71
-73 -71 -70
-73 -71 -69
-69 -72 -69
-68 -72 -69
-69 -72 -69
-68 -71 -70
-69 -71 -70
-69 -71 -69
-69 -71 -69
-69 -74 -71
-69 -74 -69
-69 -75 -69
-69 -74 -68
-70 -75 -68
-70 -76 -68
-71 -74 -66
-71 -72 -66
-71 -71 -66
-70 -71 -66
-71 -71 -66
-70 -71 -68
-68 -71 -68
-68 -71 -67
-68 -71 -67
-67 -70 -67
-67 -70 -67
-67 -71 -67
-67 -71 -68
-66 -71 -68
-66 -72 -68
-66 -72 -68
-66 -74 -68
-66 -75 -69
-66 -75 -68
-66 -75 -68
-68 -73 -68
-67 -71 -69
-67 -71 -69
-71 -70 -69
-69 -72 -69
-69 -69 -69
-71 -69 -67
-68 -69 -67
-70 -69 -67
-72 -70 -67
-75 -71 -67
-73 -71 -67
-70 -71 -67
-67 -72 -68
-68 -71 -68
-66 -71 -67
-64 -72 -67
-66 -70 -67
-66 -70 -67
-67 -71 -67
-70 -70 -67
-68 -70 -67
-66 -70 -67
-65 -70 -68
-71 -70 -68
-70 -68 -68
-68 -68 -68
-66 -68 -68
-69 -68 -68
-71 -68 -67
-71 -68 -67
-70 -69 -67
-69 -68 -67
-71 -67 -67
-72 -65 -67
-68 -66 -67
-67 -67 -68
-67 -67 -68
-67 -68 -68
-68 -69 -68
-65 -69 -68
-65 -69 -68
-71 -69 -68
-69 -69 -68
-67 -70 -68
-68 -70 -68
-66 -70 -68
-66 -70 -68
-67 -70 -68
-68 -70 -68
-69 -70 -68
-69 -70 -68
-68 -69 -68
-68 -69 -68
-68 -68 -68
-67 -67 -68
-67 -68 -67
-66 -68 -67
-66 -68 -66
-66 -69 -66
-66 -69 -67
-65 -68 -67
-67 -68 -67
-67 -68 -67
-67 -68 -66
-67 -69 -66
-67 -69 -66
-67 -69 -66
-66 -71 -66
-66 -71 -67
-68 -71 -68
-68 -72 -68
-68 -74 -69
-70 -75 -69
-68 -73 -69
-68 -74 -69
-67 -73 -68
-68 -73 -68
-68 -72 -67
-68 -71 -65
-70 -70 -65
-71 -69 -65
-72 -68 -65
-72 -68 -65
-70 -68 -65
-71 -68 -65
-71 -68 -65
-72 -69 -65
-71 -69 -67
-72 -69 -67
-72 -69 -67
-72 -69 -67
-71 -69 -67
-71 -70 -67
-72 -71 -67
-73 -71 -67
-70 -71 -67
-71 -71 -68
-73 -72 -68
-72 -72 -68
-72 -72 -68
-72 -71 -68
-69 -72 -68
-69 -72 -68
-69 -72 -68
-68 -72 -68
-68 -72 -68
-68 -72 -68
-68 -72 -68
-68 -71 -68
-68 -70 -68
-67 -71 -68
-67 -71 -68
-67 -71 -68
-67 -71 -68
-67 -71 -68
-66 -73 -68
-66 -73 -68
-66 -73 -69
-66 -73 -69
-66 -73 -67
-67 -72 -66
-67 -71 -66
-67 -71 -66
-66 -71 -66
-66 -71 -66
-67 -71 -66
-67 -71 -66
-67 -71 -67
-67 -71 -67
-67 -71 -67
-67 -71 -67
-66 -71 -67
-66 -71 -67
-67 -71 -68
-68 -71 -70
-67 -71 -71
-67 -71 -71
-68 -70 -71
-68 -70 -71
-68 -69 -71
-68 -69 -69
-68 -69 -70
-68 -69 -70
-68 -69 -70
-68 -69 -70
-68 -71 -71
-69 -71 -70
-68 -71 -70
-70 -72 -69
-71 -74 -69
-68 -74 -69
-70 -74 -69
-69 -77 -68
-69 -76 -68
-69 -76 -68
-70 -76 -69
-69 -77 -69
-69 -77 -68
-69 -76 -68
-68 -77 -68
-67 -75 -68
-68 -73 -66
-67 -71 -66
-67 -70 -66
-66 -70 -67
-66 -70 -67
-66 -70 -67
-66 -71 -67
-68 -71 -68
-66 -71 -68
-66 -71 -68
-67 -70 -68
-67 -69 -67
-67 -69 -67
-67 -70 -69
-67 -71 -69
-67 -71 -68
-67 -70 -68
-66 -70 -68
-66 -71 -68
-69 -71 -67
-69 -71 -65
-68 -71 -65
-68 -72 -65
-67 -72 -65
-67 -74 -66
-66 -72 -67
-67 -72 -67
-67 -72 -67
-66 -70 -68
-67 -70 -68
-69 -70 -69
-71 -70 -70
-70 -70 -71
-70 -70 -73
-72 -70 -71
-72 -70 -70
-70 -70 -70
-69 -71 -71
-66 -72 -71
-66 -73 -69
-66 -74 -69
-67 -72 -70
-68 -72 -71
-66 -71 -71
-65 -69 -70
-66 -70 -70
-69 -70 -70
-72 -70 -70
-72 -71 -70
-70 -72 -70
-69 -72 -70
-69 -72 -70
-68 -73 -71
-67 -75 -71
-67 -78 -71
-67 -78 -71
-67 -78 -69
-67 -76 -69
-67 -74 -69
-70 -74 -69
-72 -72 -69
-72 -70 -69
-71 -70 -69
-72 -70 -67
-72 -72 -69
-71 -72 -69
-69 -74 -69
-68 -74 -69
-68 -72 -67
-69 -72 -67
-69 -72 -67
-68 -70 -67
-68 -70 -67
-68 -70 -67
-68 -70 -67
-70 -70 -68
-68 -70 -68
-69 -70 -68
-68 -71 -68
-68 -72 -68
-67 -74 -68
-67 -73 -68
-67 -71 -68
-67 -72 -68
-67 -71 -68
-68 -71 -68
-67 -69 -68
-68 -68 -68
-67 -68 -68
-67 -68 -68
-67 -67 -68
-66 -67 -68
-67 -67 -68
-67 -67 -68
-67 -67 -68
-67 -68 -68
-67 -68 -68
-67 -68 -68
-68 -68 -68
-67 -69 -68
-67 -69 -68
-67 -69 -68
-67 -70 -68
-67 -70 -68
-67 -70 -68
-68 -70 -68
-67 -70 -68
-67 -69 -67
-67 -69 -67
-67 -69 -67
-67 -69 -67
-67 -69 -67
-67 -69 -67
-67 -69 -67
-67 -69 -66
-67 -69 -66
-66 -69 -66
-66 -69 -66
-67 -69 -66
-67 -69 -66
-67 -69 -66
-67 -69 -66
-68 -69 -66
-68 -69 -66
-68 -69 -66
-68 -70 -67
-68 -70 -67
-68 -70 -67
-68 -70 -67
-68 -70 -67
-68 -70 -67
-68 -70 -67
-69 -70 -67
-69 -69 -67
-69 -69 -67
-69 -69 -67
-68 -69 -67
-69 -70 -67
-68 -70 -67
-68 -71 -67
-69 -71 -67
-69 -71 -66
-67 -71 -66
-68 -70 -66
-68 -70 -66
-68 -70 -66
-68 -70 -66
-68 -70 -66
-68 -70 -66
-68 -70 -66
-68 -69 -66
-68 -70 -66
-68 -70 -67
-68 -70 -68
-68 -70 -70
-68 -70 -70
-68 -70 -66
-68 -70 -66
-68 -70 -65
-69 -70 -65
-69 -70 -65
-69 -69 -65
-69 -69 -65
-69 -69 -65
-69 -69 -65
-68 -70 -65
-68 -70 -66
-69 -71 -66
-69 -71 -66
-68 -71 -66
-68 -70 -67
-68 -70 -67
-67 -70 -69
-67 -71 -69
-67 -71 -69
-67 -71 -69
-68 -72 -68
-68 -71 -68
-67 -70 -68
-70 -70 -68
-71 -68 -67
-71 -68 -67
-71 -68 -66
-72 -68 -66
-72 -66 -65
-73 -66 -65
-71 -66 -65
-72 -66 -65
-73 -65 -65
-72 -68 -66
-72 -68 -66
-71 -69 -66
-72 -69 -66
-71 -70 -67
-69 -71 -67
-68 -70 -67
-70 -70 -67
-71 -70 -67
-68 -70 -67
-68 -69 -67
-68 -69 -66
-68 -69 -66
-66 -70 -66
-66 -70 -66
-66 -70 -65
-66 -70 -66
-66 -69 -66
-66 -69 -66
-67 -69 -66
-69 -70 -66
-67 -70 -66
-67 -70 -66
-70 -69 -68
-69 -69 -69
-70 -69 -68
-72 -69 -68
-72 -68 -68
-74 -68 -68
-74 -68 -68
-69 -69 -68
-67 -69 -69
-71 -70 -69
-68 -69 -69
-72 -69 -70
-70 -69 -70
-70 -69 -70
-72 -69 -70
-71 -68 -70
-68 -68 -68
-67 -68 -67
-71 -67 -66
-71 -66 -66
-68 -66 -66
-65 -66 -66
-65 -67 -66
-65 -67 -68
-68 -68 -68
-67 -68 -67
-65 -68 -67
-66 -68 -65
-67 -70 -64
-68 -70 -64
-67 -70 -65
-66 -70 -65
-66 -70 -65
-66 -70 -65
-66 -70 -65
-66 -71 -67
-65 -71 -66
-65 -71 -66
-65 -71 -66
-65 -71 -66
-65 -71 -66
-67 -71 -66
-67 -71 -68
-67 -70 -68
-66 -68 -68
-66 -69 -68
-66 -69 -69
-66 -68 -69
-67 -69 -70
-69 -68 -71
-71 -69 -70
-72 -69 -69
-72 -69 -69
-73 -72 -68
-69 -74 -68
-66 -73 -68
-67 -72 -68
-67 -72 -67
-71 -72 -67
-69 -72 -67
-65 -71 -66
-64 -71 -68
-64 -70 -69
-66 -69 -70
-72 -69 -72
-73 -70 -70
-73 -70 -69
-71 -70 -69
-72 -69 -69
-69 -68 -69
-70 -68 -69
-70 -68 -69
-71 -68 -69
-71 -68 -69
-69 -70 -69
-70 -67 -68
-71 -67 -68
-72 -67 -67
-74 -67 -67
-73 -69 -68
-70 -69 -67
-70 -69 -66
-70 -69 -68
-67 -70 -68
-69 -70 -68
-68 -70 -67
-67 -71 -67
-70 -71 -68
-72 -70 -68
-67 -70 -70
-70 -68 -70
-69 -67 -69
-71 -67 -66
-70 -67 -64
-72 -67 -64
-70 -67 -64
-70 -67 -67
-69 -67 -67
-71 -67 -67
-73 -67 -69
-73 -67 -68
-70 -69 -66
-71 -67 -67
-73 -67 -70
-72 -67 -71
-71 -67 -67
-68 -67 -67
-68 -68 -68
-69 -71 -67
-69 -70 -67
-68 -71 -69
-68 -71 -69
-68 -71 -69
-69 -72 -69
-66 -72 -69
-66 -73 -69
-67 -73 -69
-67 -76 -68
-69 -74 -68
-68 -71 -68
-66 -71 -68
-66 -71 -68
-68 -72 -68
-69 -73 -69
-68 -72 -70
-68 -73 -70
-68 -73 -69
-68 -73 -69
-67 -73 -69
-66 -73 -69
-67 -71 -69
-67 -70 -69
-67 -69 -69
-67 -70 -69
-67 -70 -69
-67 -72 -69
-68 -73 -69
-68 -73 -69
-68 -72 -69
-66 -73 -69
-69 -71 -70
-66 -69 -70
-67 -68 -70
-68 -68 -70
-68 -68 -69
-68 -68 -69
-68 -68 -69
-68 -66 -69
-69 -66 -70
-69 -66 -70
-69 -66 -68
-69 -67 -68
-69 -67 -69
-69 -67 -69
-69 -68 -69
-69 -69 -69
-69 -70 -69
-69 -72 -70
-69 -72 -70
-70 -72 -68
-70 -72 -69
-70 -73 -69
-70 -73 -69
-70 -73 -70
-69 -73 -69
-69 -71 -68
-67 -69 -68
-67 -69 -68
-67 -67 -68
-67 -67 -68
-67 -67 -68
-68 -67 -68
-69 -67 -68
-69 -67 -68
-69 -67 -69
-69 -68 -69
-69 -68 -68
-68 -68 -69
-68 -69 -67
-67 -68 -67
-67 -68 -67
-67 -68 -66
-67 -68 -66
-67 -68 -66
-66 -68 -66
-66 -67 -68
-66 -67 -68
-66 -67 -68
-66 -67 -68
-66 -67 -68
-67 -67 -68
-67 -67 -67
-67 -67 -67
-66 -69 -67
-66 -69 -67
-66 -70 -66
-68 -70 -66
-68 -72 -67
-68 -74 -67
-69 -75 -65
-69 -77 -65
-69 -78 -65
-69 -78 -65
-69 -78 -65
-69 -76 -65
-69 -73 -65
-69 -72 -65
-71 -72 -65
-71 -70 -65
-71 -68 -65
-70 -68 -65
-71 -68 -65
-71 -67 -65
-69 -66 -67
-70 -66 -67
